{"joints":[{"name":"Model_Hips","offset":[0.0,96.91508,0.0],"parent_index":null,"pose_refs":[{"pose_index":0,"data_type":"PositionX"},{"pose_index":1,"data_type":"PositionY"},{"pose_index":2,"data_type":"PositionZ"},{"pose_index":3,"data_type":"RotationX"},{"pose_index":4,"data_type":"RotationY"},{"pose_index":5,"data_type":"RotationZ"}]},{"name":"Model_Spine","offset":[0.0,11.137703,-1.2899],"parent_index":0,"pose_refs":[{"pose_index":6,"data_type":"RotationX"},{"pose_index":7,"data_type":"RotationY"},{"pose_index":8,"data_type":"RotationZ"}]},{"name":"Model_Spine1","offset":[0.0,12.993942,-1.504922],"parent_index":1,"pose_refs":[{"pose_index":9,"data_type":"RotationX"},{"pose_index":10,"data_type":"RotationY"},{"pose_index":11,"data_type":"RotationZ"}]},{"name":"Model_Spine2","offset":[0.0,14.85022,-1.719911],"parent_index":2,"pose_refs":[{"pose_index":12,"data_type":"RotationX"},{"pose_index":13,"data_type":"RotationY"},{"pose_index":14,"data_type":"RotationZ"}]},{"name":"Model_Neck","offset":[0.0,16.706543,-1.934903],"parent_index":3,"pose_refs":[{"pose_index":15,"data_type":"RotationX"},{"pose_index":16,"data_type":"RotationY"},{"pose_index":17,"data_type":"RotationZ"}]},{"name":"Model_Head","offset":[0.0,10.471298,2.0021],"parent_index":4,"pose_refs":[{"pose_index":18,"data_type":"RotationX"},{"pose_index":19,"data_type":"RotationY"},{"pose_index":20,"data_type":"RotationZ"}]},{"name":"Model_HeadTop_End","offset":[0.0,20.842606,3.9851],"parent_index":5,"pose_refs":[{"pose_index":21,"data_type":"RotationX"},{"pose_index":22,"data_type":"RotationY"},{"pose_index":23,"data_type":"RotationZ"}]},{"name":"Model_LeftShoulder","offset":[7.0085,14.7686,-1.919946],"parent_index":3,"pose_refs":[{"pose_index":24,"data_type":"RotationX"},{"pose_index":25,"data_type":"RotationY"},{"pose_index":26,"data_type":"RotationZ"}]},{"name":"Model_LeftArm","offset":[14.126271,-3.718048,0.029937],"parent_index":7,"pose_refs":[{"pose_index":27,"data_type":"RotationX"},{"pose_index":28,"data_type":"RotationY"},{"pose_index":29,"data_type":"RotationZ"}]},{"name":"Model_LeftForeArm","offset":[28.2828,0.0,0.0],"parent_index":8,"pose_refs":[{"pose_index":30,"data_type":"RotationX"},{"pose_index":31,"data_type":"RotationY"},{"pose_index":32,"data_type":"RotationZ"}]},{"name":"Model_LeftHand","offset":[26.204689,0.0,0.0],"parent_index":9,"pose_refs":[{"pose_index":33,"data_type":"RotationX"},{"pose_index":34,"data_type":"RotationY"},{"pose_index":35,"data_type":"RotationZ"}]},{"name":"Model_RightShoulder","offset":[-7.0085,14.768555,-1.94984],"parent_index":3,"pose_refs":[{"pose_index":36,"data_type":"RotationX"},{"pose_index":37,"data_type":"RotationY"},{"pose_index":38,"data_type":"RotationZ"}]},{"name":"Model_RightArm","offset":[-14.126281,-3.718018,-0.029932],"parent_index":11,"pose_refs":[{"pose_index":39,"data_type":"RotationX"},{"pose_index":40,"data_type":"RotationY"},{"pose_index":41,"data_type":"RotationZ"}]},{"name":"Model_RightForeArm","offset":[-28.283798,0.0,-0.000001],"parent_index":12,"pose_refs":[{"pose_index":42,"data_type":"RotationX"},{"pose_index":43,"data_type":"RotationY"},{"pose_index":44,"data_type":"RotationZ"}]},{"name":"Model_RightHand","offset":[-26.204193,0.0,-0.000001],"parent_index":13,"pose_refs":[{"pose_index":45,"data_type":"RotationX"},{"pose_index":46,"data_type":"RotationY"},{"pose_index":47,"data_type":"RotationZ"}]},{"name":"Model_LeftUpLeg","offset":[8.3277,-6.193199,-0.4028],"parent_index":0,"pose_refs":[{"pose_index":48,"data_type":"RotationX"},{"pose_index":49,"data_type":"RotationY"},{"pose_index":50,"data_type":"RotationZ"}]},{"name":"Model_LeftLeg","offset":[0.735802,-42.10874,-0.610721],"parent_index":15,"pose_refs":[{"pose_index":51,"data_type":"RotationX"},{"pose_index":52,"data_type":"RotationY"},{"pose_index":53,"data_type":"RotationZ"}]},{"name":"Model_LeftFoot","offset":[-0.735806,-36.833748,-0.172876],"parent_index":16,"pose_refs":[{"pose_index":54,"data_type":"RotationX"},{"pose_index":55,"data_type":"RotationY"},{"pose_index":56,"data_type":"RotationZ"}]},{"name":"Model_LeftToeBase","offset":[-0.565857,-11.977769,16.297714],"parent_index":17,"pose_refs":[{"pose_index":57,"data_type":"RotationX"},{"pose_index":58,"data_type":"RotationY"},{"pose_index":59,"data_type":"RotationZ"}]},{"name":"Model_LeftToe_End","offset":[-0.111712,-0.312793,7.857784],"parent_index":18,"pose_refs":[{"pose_index":60,"data_type":"RotationX"},{"pose_index":61,"data_type":"RotationY"},{"pose_index":62,"data_type":"RotationZ"}]},{"name":"Model_RightUpLeg","offset":[-8.3277,-6.193199,-0.5165],"parent_index":0,"pose_refs":[{"pose_index":63,"data_type":"RotationX"},{"pose_index":64,"data_type":"RotationY"},{"pose_index":65,"data_type":"RotationZ"}]},{"name":"Model_RightLeg","offset":[-0.735785,-42.108738,-0.434061],"parent_index":20,"pose_refs":[{"pose_index":66,"data_type":"RotationX"},{"pose_index":67,"data_type":"RotationY"},{"pose_index":68,"data_type":"RotationZ"}]},{"name":"Model_RightFoot","offset":[0.735776,-36.833748,-0.02163],"parent_index":21,"pose_refs":[{"pose_index":69,"data_type":"RotationX"},{"pose_index":70,"data_type":"RotationY"},{"pose_index":71,"data_type":"RotationZ"}]},{"name":"Model_RightToeBase","offset":[0.565817,-11.977745,15.903093],"parent_index":22,"pose_refs":[{"pose_index":72,"data_type":"RotationX"},{"pose_index":73,"data_type":"RotationY"},{"pose_index":74,"data_type":"RotationZ"}]},{"name":"Model_RightToe_End","offset":[0.111702,-0.312791,7.811342],"parent_index":23,"pose_refs":[{"pose_index":75,"data_type":"RotationX"},{"pose_index":76,"data_type":"RotationY"},{"pose_index":77,"data_type":"RotationZ"}]}],"trajectory_data":{"points":[{"matrix":[0.9817232,0.052647598,-0.1828873,0.0,-0.07431095,0.9907329,-0.11369341,0.0,0.1752068,0.125206,0.97653776,0.0,-0.233976,96.08345,5.030849,1.0],"velocity":[5.53645,68.08592]},{"matrix":[0.9894543,0.07383406,-0.12461419,0.0,-0.08323175,0.9939281,-0.07196822,0.0,0.11854384,0.08158112,0.9895918,0.0,1.8140787,95.75135,17.5647,1.0],"velocity":[20.518217,83.83534]},{"matrix":[0.9936884,0.10773129,-0.031261325,0.0,-0.11051335,0.9879766,-0.10811597,0.0,0.019237982,0.11088838,0.9936466,0.0,5.8749986,93.970535,33.446423,1.0],"velocity":[29.768064,99.801476]},{"matrix":[0.98291874,0.16585548,0.079766735,0.0,-0.15177675,0.975646,-0.15836231,0.0,-0.10408935,0.14355056,0.98415375,0.0,10.258866,94.17121,47.407032,1.0],"velocity":[17.352045,68.18231]},{"matrix":[0.9961495,0.08675383,0.01264888,0.0,-0.084614664,0.98912567,-0.12029431,0.0,-0.022947323,0.11876083,0.99265766,0.0,11.820584,95.72826,58.150295,1.0],"velocity":[1.070459,64.07968]},{"matrix":[0.99046123,0.10738719,-0.086339675,0.0,-0.11409945,0.99048287,-0.07697398,0.0,0.07725195,0.08609105,0.9932877,0.0,11.165422,95.09831,70.06797,1.0],"velocity":[-9.2682705,86.00384]},{"matrix":[0.9841321,0.04825505,-0.17074952,0.0,-0.06417542,0.9939638,-0.08898018,0.0,0.16542509,0.09852618,0.9812885,0.0,8.598132,94.49503,85.95535,1.0],"velocity":[-22.026062,95.22164]},{"matrix":[0.97055507,0.0036122166,-0.24085237,0.0,-0.031218797,0.99334073,-0.11090362,0.0,0.23884787,0.11515719,0.9642046,0.0,5.4818325,95.48422,99.278725,1.0],"velocity":[-9.543953,67.37048]},{"matrix":[0.9773254,0.07117099,-0.1994235,0.0,-0.092147805,0.99091583,-0.097952,0.0,0.19064058,0.11410742,0.97500545,0.0,4.994279,97.26849,110.43734,1.0],"velocity":[2.6308298,65.79993]},{"matrix":[0.98632944,0.04143117,-0.15949185,0.0,-0.05062416,0.99725616,-0.054012854,0.0,0.15681641,0.061348606,0.9857205,0.0,6.275916,96.1469,122.67243,1.0],"velocity":[12.33102,87.84447]},{"matrix":[0.9930423,0.08742702,-0.07888963,0.0,-0.094224036,0.9917424,-0.08699965,0.0,0.07063206,0.09382763,0.9930798,0.0,9.689767,95.19615,139.10103,1.0],"velocity":[28.758772,97.347]},{"matrix":[0.9877959,0.11060784,-0.10965943,0.0,-0.12258964,0.98641825,-0.10931989,0.0,0.096078426,0.12142884,0.98793924,0.0,14.2167225,94.78696,153.04437,1.0],"velocity":[19.682587,71.19731]},{"matrix":[0.9713258,-0.00066639297,-0.23775133,0.0,-0.016713288,0.9973308,-0.071077056,0.0,0.23716408,0.07301258,0.96872205,0.0,16.282211,95.67001,164.15283,1.0],"velocity":[7.608224,64.105774]},{"matrix":[0.9130058,0.03353615,-0.40656567,0.0,-0.04401412,0.9988955,-0.016445166,0.0,0.40556514,0.032909162,0.91347355,0.0,17.802183,95.27607,175.62186,1.0],"velocity":[11.13568,80.56663]},{"matrix":[0.7879771,-0.0033019753,-0.6156958,0.0,-0.03169085,0.99844265,-0.045913097,0.0,0.6148885,0.05569039,0.7866453,0.0,20.175055,94.88101,190.0643,1.0],"velocity":[16.454102,82.40589]},{"matrix":[0.5715881,-0.01634921,-0.8203778,0.0,-0.07118666,0.9950438,-0.06942854,0.0,0.81744695,0.09808449,0.5675913,0.0,22.4918,95.05918,201.748,1.0],"velocity":[18.863493,58.337154]},{"matrix":[0.44752628,0.06529558,-0.8918839,0.0,-0.10189621,0.9945587,0.021683378,0.0,0.88844675,0.08117569,0.4517445,0.0,26.833345,95.56314,210.27075,1.0],"velocity":[37.12744,43.2752]},{"matrix":[0.39499605,0.046645876,-0.9174979,0.0,-0.04060768,0.9986205,0.033287983,0.0,0.9177849,0.02410883,0.39634538,0.0,35.072598,94.70374,216.98709,1.0],"velocity":[65.08263,40.42156]},{"matrix":[0.38383597,0.08388796,-0.9195829,0.0,-0.073610835,0.99547535,0.06008584,0.0,0.92046255,0.044628166,0.3882743,0.0,48.21553,94.11506,222.96388,1.0],"velocity":[83.06414,23.419638]},{"matrix":[0.3424064,0.11572163,-0.93239814,0.0,-0.12643148,0.98903495,0.076321244,0.0,0.9310064,0.091751605,0.35328275,0.0,60.15601,94.069466,226.78201,1.0],"velocity":[63.43219,24.289371]},{"matrix":[0.15549463,0.05934213,-0.98605275,0.0,-0.07696919,0.99588716,0.0477964,0.0,0.9848336,0.06846359,0.15942258,0.0,70.751884,96.34908,230.97656,1.0],"velocity":[66.95576,27.954155]},{"matrix":[0.019652367,0.09303458,-0.99546903,0.0,-0.0800336,0.9926124,0.091187604,0.0,0.99659854,0.0778789,0.026953042,0.0,84.01758,95.918304,236.52426,1.0],"velocity":[96.59673,37.750103]},{"matrix":[-0.07459867,-0.013257008,-0.99712557,0.0,-0.120293394,0.9927295,-0.0041989833,0.0,0.98993164,0.119634375,-0.07565105,0.0,99.98203,95.89293,242.17018,1.0],"velocity":[78.6642,26.313562]},{"matrix":[-0.093711734,0.026739396,-0.9952402,0.0,-0.14457014,0.9886786,0.040175837,0.0,0.985047,0.14764696,-0.08878505,0.0,111.67561,96.75435,244.45749,1.0],"velocity":[65.79306,0.06225462]},{"matrix":[-0.11455941,0.056695446,-0.99179727,0.0,-0.0944542,0.99322546,0.06768718,0.0,0.98891586,0.10143362,-0.10842812,0.0,122.58021,95.45073,243.27159,1.0],"velocity":[69.87577,-16.703463]},{"matrix":[-0.09017289,0.04812534,-0.9947628,0.0,-0.0954649,0.99381477,0.05673314,0.0,0.9913403,0.100080706,-0.0850209,0.0,135.90009,93.514755,239.67259,1.0],"velocity":[90.64089,-29.087555]},{"matrix":[-0.100749016,0.10364721,-0.9894983,0.0,-0.114347585,0.9867618,0.11500325,0.0,0.988319,0.1247332,-0.087563515,0.0,150.56938,94.5633,233.06642,1.0],"velocity":[75.67598,-40.979103]},{"matrix":[-0.20901382,0.083314665,-0.97435725,0.0,-0.10985129,0.98805755,0.10805084,0.0,0.9717232,0.12961851,-0.19736552,0.0,161.35129,95.88822,228.09708,1.0],"velocity":[57.91602,-20.61818]},{"matrix":[-0.36378658,0.06323306,-0.9293337,0.0,-0.045703676,0.99527985,0.08561077,0.0,0.93036056,0.073618,-0.3591795,0.0,171.02748,95.84077,224.83234,1.0],"velocity":[62.256447,-21.790947]},{"matrix":[-0.496495,0.06136379,-0.8658678,0.0,-0.028339867,0.9958205,0.086823784,0.0,0.8675768,0.06764615,-0.4926808,0.0,182.74057,95.00066,220.77385,1.0],"velocity":[76.40564,-27.149422]},{"matrix":[-0.6926409,0.0030371472,-0.7212761,0.0,-0.04026024,0.9982693,0.042865384,0.0,0.72015804,0.05872907,-0.6913198,0.0,194.11241,95.16392,216.95898,1.0],"velocity":[55.10083,-18.179264]},{"matrix":[-0.80103135,0.05117961,-0.5964307,0.0,0.004500555,0.9968253,0.079492964,0.0,0.5986056,0.060992084,-0.7987187,0.0,202.10413,96.10174,213.11343,1.0],"velocity":[41.2446,-30.803219]},{"matrix":[-0.8583958,0.06392927,-0.5089891,0.0,0.043945424,0.997721,0.051201507,0.0,0.51110244,0.021583414,-0.8592489,0.0,208.09206,96.23616,206.14998,1.0],"velocity":[30.70526,-58.249264]},{"matrix":[-0.8777962,0.038053684,-0.4775207,0.0,0.011343403,0.99821144,0.058695737,0.0,0.47890025,0.04610618,-0.87665784,0.0,213.0049,94.352425,193.83852,1.0],"velocity":[24.282047,-90.89082]},{"matrix":[-0.9009198,0.07989176,-0.42656898,0.0,0.04410187,0.99467504,0.093148135,0.0,0.43173927,0.0651065,-0.8996458,0.0,215.68695,94.42053,179.73137,1.0],"velocity":[14.051233,-73.37805]},{"matrix":[-0.9622046,0.0481774,-0.268033,0.0,0.02533696,0.99579537,0.08803206,0.0,0.27114716,0.077913694,-0.95937943,0.0,218.17514,95.721596,168.52313,1.0],"velocity":[16.819733,-62.962307]},{"matrix":[-0.9869548,0.05867715,-0.14992414,0.0,0.04890778,0.996483,0.068041235,0.0,0.15338932,0.059821162,-0.9863535,0.0,221.36777,95.53713,157.10133,1.0],"velocity":[22.421734,-80.61057]},{"matrix":[-0.99625194,0.08115786,-0.029926328,0.0,0.07779522,0.9919214,0.10019904,0.0,0.037816506,0.097495355,-0.9945173,0.0,225.62183,94.242584,141.71397,1.0],"velocity":[27.646544,-102.14976]},{"matrix":[-0.99327636,0.0042923875,0.11568761,0.0,0.017193338,0.99369955,0.110749915,0.0,-0.11448334,0.111994326,-0.987092,0.0,230.1763,95.07787,126.99406,1.0],"velocity":[23.722672,-73.21601]},{"matrix":[-0.9951937,0.06866812,0.069815084,0.0,0.0763148,0.9906006,0.11351886,0.0,-0.061363738,0.118301176,-0.9910798,0.0,232.86276,96.702866,115.54127,1.0],"velocity":[8.509657,-64.84459]},{"matrix":[-0.9975796,0.06950096,-0.0021175968,0.0,0.069213755,0.9954518,0.065460764,0.0,0.006657551,0.06515575,-0.9978529,0.0,233.36737,96.59801,104.3179,1.0],"velocity":[-2.4645505,-76.724236]},{"matrix":[-0.98922884,0.048736833,-0.13802554,0.0,0.036094762,0.99504346,0.09265885,0.0,0.14185731,0.0866788,-0.9860848,0.0,232.32582,94.74605,89.202965,1.0],"velocity":[-13.186993,-106.75385]},{"matrix":[-0.9639225,0.12036299,-0.23741649,0.0,0.08764895,0.98570806,0.14386533,0.0,0.2513394,0.1178657,-0.96069586,0.0,229.65294,94.399635,72.88989,1.0],"velocity":[-13.67679,-83.0234]},{"matrix":[-0.9780619,0.078609735,-0.19291404,0.0,0.046700686,0.98523736,0.16470082,0.0,0.20301321,0.15207835,-0.9672942,0.0,228.55598,95.708115,60.31495,1.0],"velocity":[0.42479622,-69.26536]},{"matrix":[-0.994117,0.055759307,-0.09285785,0.0,0.045310643,0.9927804,0.11105875,0.0,0.098380014,0.10619793,-0.9894664,0.0,229.27625,95.88514,48.622875,1.0],"velocity":[7.716826,-76.97509]},{"matrix":[-0.99450135,0.07923932,0.068473,0.0,0.08579325,0.99140483,0.098772414,0.0,-0.060057804,0.104103796,-0.9927516,0.0,231.25603,93.86279,33.65038,1.0],"velocity":[17.05502,-105.42064]},{"matrix":[-0.9780539,0.001492613,0.20834704,0.0,0.027246937,0.99230313,0.12079773,0.0,-0.2065631,0.1238235,-0.97056663,0.0,234.44594,94.504944,16.781065,1.0],"velocity":[16.82431,-89.42447]},{"matrix":[-0.98073447,0.048721142,0.189173,0.0,0.073741324,0.9890855,0.12756193,0.0,-0.18089332,0.13905424,-0.97362304,0.0,235.80913,96.29396,3.206005,1.0],"velocity":[0.32683674,-74.14449]},{"matrix":[-0.9914743,0.07073063,0.10943575,0.0,0.079770744,0.9935527,0.08055899,0.0,-0.1030322,0.088601924,-0.9907242,0.0,234.86804,95.99418,-9.379687,1.0],"velocity":[-13.5074215,-83.86201]},{"matrix":[-0.9963486,0.07962896,-0.030802108,0.0,0.0760144,0.9916004,0.10464462,0.0,0.038876124,0.10192112,-0.9940326,0.0,231.35776,94.31788,-25.77687,1.0],"velocity":[-28.605082,-110.826836]},{"matrix":[-0.9733995,0.15896298,-0.1649982,0.0,0.13298474,0.9784269,0.15810096,0.0,0.18657088,0.13195315,-0.97353995,0.0,226.67143,94.233284,-42.207527,1.0],"velocity":[-19.24034,-81.89229]},{"matrix":[-0.9903008,0.07737892,-0.11540053,0.0,0.061724372,0.98911864,0.13354574,0.0,0.12447844,0.12512739,-0.9843011,0.0,224.83377,95.608444,-54.75237,1.0],"velocity":[-2.8646278,-71.07028]},{"matrix":[-0.9950923,0.07598708,-0.063384004,0.0,0.0709156,0.99436873,0.07875189,0.0,0.06901119,0.07387048,-0.99487734,0.0,225.43954,95.16341,-67.366104,1.0],"velocity":[11.028222,-87.303406]},{"matrix":[-0.99915504,0.037897214,0.015918875,0.0,0.039025508,0.996201,0.07784977,0.0,-0.01290811,0.07840521,-0.9968382,0.0,227.98164,94.06967,-83.89928,1.0],"velocity":[20.160425,-105.806755]},{"matrix":[-0.9869871,-0.01632874,0.15996926,0.0,-0.0022545848,0.9961383,0.087769605,0.0,-0.16078465,0.08626679,-0.98321235,0.0,230.8544,94.73614,-99.22007,1.0],"velocity":[8.148031,-75.69795]},{"matrix":[-0.9835099,0.05518863,0.17222825,0.0,0.07088861,0.9937373,0.0863775,0.0,-0.16638258,0.09716214,-0.9812627,0.0,230.82018,96.96009,-111.46731,1.0],"velocity":[-9.497491,-73.81933]},{"matrix":[-0.992167,0.044413228,0.1167555,0.0,0.051249754,0.99710226,0.056218274,0.0,-0.113920346,0.061761618,-0.9915681,0.0,227.88237,95.95948,-124.84823,1.0],"velocity":[-26.319971,-93.81542]},{"matrix":[-0.993202,0.10850797,0.042145956,0.0,0.11262206,0.98728436,0.11218661,0.0,-0.029436905,0.11617051,-0.9927932,0.0,222.27142,95.02975,-141.43483,1.0],"velocity":[-38.0156,-91.170975]},{"matrix":[-0.9935726,0.11159041,-0.019007858,0.0,0.10777535,0.9838947,0.14260316,0.0,0.034614876,0.139638,-0.98959756,0.0,217.32187,95.43148,-154.52492,1.0],"velocity":[-18.116095,-68.27501]},{"matrix":[-0.9943862,0.055096187,0.09033656,0.0,0.064651884,0.9922071,0.106514,0.0,-0.08376406,0.11175647,-0.9901991,0.0,215.5608,96.39668,-165.63362,1.0],"velocity":[-4.35233,-67.7669]},{"matrix":[-0.96737194,0.07675092,0.24145573,0.0,0.09713392,0.9925416,0.07366213,0.0,-0.23400122,0.09471221,-0.967612,0.0,215.49661,95.23945,-178.41136,1.0],"velocity":[4.4283175,-89.709816]},{"matrix":[-0.9195548,0.016034663,0.39263424,0.0,0.058519416,0.9936136,0.09647543,0.0,-0.38857976,0.111691184,-0.9146205,0.0,216.02937,94.840866,-193.63008,1.0],"velocity":[3.0889277,-79.54584]},{"matrix":[-0.82280874,0.01264412,0.5681774,0.0,0.071429715,0.9941253,0.0813182,0.0,-0.56381136,0.107494086,-0.8188782,0.0,216.25984,96.09156,-204.04756,1.0],"velocity":[-8.232258,-51.223648]},{"matrix":[-0.72973895,0.048203256,0.6820247,0.0,0.061194394,0.998113,-0.0050678104,0.0,-0.680982,0.03803791,-0.7313117,0.0,213.67265,97.13257,-212.23277,1.0],"velocity":[-28.375288,-46.798992]},{"matrix":[-0.6513705,0.0035224701,0.7587518,0.0,-0.0007030041,0.999986,-0.0052459016,0.0,-0.7587597,-0.003950431,-0.65135896,0.0,206.48982,95.96207,-220.18604,1.0],"velocity":[-58.967026,-51.5276]},{"matrix":[-0.6067133,0.04947414,0.7933797,0.0,0.051405672,0.99841416,-0.022948883,0.0,-0.79325694,0.026860826,-0.60829437,0.0,194.59004,95.09305,-227.89194,1.0],"velocity":[-74.6323,-33.91595]},{"matrix":[-0.5221404,0.073556654,0.84968185,0.0,0.09283582,0.9952558,-0.029110167,0.0,-0.847792,0.06368132,-0.5264919,0.0,183.8233,94.6041,-233.09364,1.0],"velocity":[-57.385025,-30.995476]},{"matrix":[-0.3374145,0.04954859,0.9400513,0.0,0.092875876,0.9954938,-0.019134752,0.0,-0.9367634,0.08085175,-0.34049594,0.0,174.29959,95.67831,-238.26364,1.0],"velocity":[-60.928043,-30.916742]},{"matrix":[-0.16770315,0.07175553,0.98322266,0.0,0.094451234,0.9939291,-0.056426823,0.0,-0.98130256,0.08340363,-0.17346251,0.0,162.80945,94.1425,-244.24199,1.0],"velocity":[-77.74778,-41.06516]},{"matrix":[-0.025398493,-0.002990894,0.99967295,0.0,0.12855625,0.99168265,0.0062331967,0.0,-0.99137694,0.12867253,-0.024802804,0.0,150.48949,94.32845,-251.06744,1.0],"velocity":[-61.283264,-37.084526]},{"matrix":[0.037003815,0.02482995,0.9990065,0.0,0.13958469,0.9897625,-0.02977049,0.0,-0.9895184,0.14054765,0.033159137,0.0,140.95198,96.3528,-255.53062,1.0],"velocity":[-55.629993,-15.26703]},{"matrix":[0.031937003,0.04688265,0.9983897,0.0,0.0888546,0.994811,-0.049556926,0.0,-0.9955325,0.09029423,0.027605534,0.0,131.46793,96.57529,-256.73248,1.0],"velocity":[-64.21564,2.9058259]},{"matrix":[-0.03439212,0.03147653,0.99891263,0.0,0.098395616,0.99475455,-0.027957797,0.0,-0.9945529,0.0973271,-0.03730893,0.0,118.77279,95.497444,-255.1794,1.0],"velocity":[-89.845314,18.37793]},{"matrix":[-0.10219324,0.09894519,0.98983145,0.0,0.10050508,0.9909763,-0.08868317,0.0,-0.9896743,0.090420276,-0.11121559,0.0,104.06849,95.32911,-250.75053,1.0],"velocity":[-76.29899,28.943819]},{"matrix":[-0.115177274,0.093405664,0.98894376,0.0,0.127998,0.9886651,-0.07847206,0.0,-0.98506385,0.11754461,-0.12582743,0.0,92.95163,95.85983,-247.28458,1.0],"velocity":[-59.199104,12.181764]},{"matrix":[-0.039117694,0.048451528,0.9980593,0.0,0.10127403,0.9938727,-0.044278976,0.0,-0.99408925,0.099345386,-0.043784857,0.0,83.22126,96.45106,-246.07735,1.0],"velocity":[-61.43478,4.0080986]},{"matrix":[0.07801443,0.06933321,0.9945384,0.0,0.0949949,0.99252284,-0.076644376,0.0,-0.99241614,0.10045545,0.07084483,0.0,71.002426,94.88398,-245.77606,1.0],"velocity":[-89.10055,-0.77360517]},{"matrix":[0.2545207,0.016495164,0.96692663,0.0,0.113989934,0.99237263,-0.04693443,0.0,-0.9603258,0.122165695,0.2506991,0.0,55.92189,94.88954,-245.92645,1.0],"velocity":[-77.60473,-5.428969]},{"matrix":[0.3963759,0.00733776,0.91805905,0.0,0.10339238,0.99324995,-0.05257885,0.0,-0.91224796,0.115761295,0.39294165,0.0,45.58332,95.96188,-245.95705,1.0],"velocity":[-50.971424,8.411697]},{"matrix":[0.40417433,0.063915454,0.9124461,0.0,0.04378946,0.9950597,-0.08909925,0.0,-0.91363317,0.075967155,0.39937878,0.0,37.445065,97.18242,-243.96623,1.0],"velocity":[-47.49684,18.18842]},{"matrix":[0.42220253,0.008220004,0.9064643,0.0,0.043244526,0.9986378,-0.029197792,0.0,-0.9054695,0.051527,0.42127192,0.0,28.819117,95.99875,-239.67912,1.0],"velocity":[-59.996742,34.16405]},{"matrix":[0.419892,0.04379014,0.906517,0.0,0.04839597,0.99633384,-0.07054548,0.0,-0.9062828,0.07349326,0.41623336,0.0,19.226912,95.539345,-232.50494,1.0],"velocity":[-45.746616,51.513866]},{"matrix":[0.49146432,0.071610056,0.8679486,0.0,0.032212585,0.99443704,-0.100285925,0.0,-0.8703018,0.077245824,0.4864236,0.0,12.672961,94.859535,-225.55566,1.0],"velocity":[-35.181126,31.673868]},{"matrix":[0.6754146,0.023179777,0.7370738,0.0,0.028981835,0.9978993,-0.057939712,0.0,-0.7368685,0.060495082,0.673324,0.0,7.040027,96.15116,-220.82806,1.0],"velocity":[-34.68681,26.944347]},{"matrix":[0.8304696,0.04677319,0.55509686,0.0,-0.0232785,0.9985122,-0.04930945,0.0,-0.5565773,0.028028179,0.83032286,0.0,0.24871016,96.07184,-215.19012,1.0],"velocity":[-49.511913,41.501858]},{"matrix":[0.95228314,0.012228513,0.3049709,0.0,0.0066206953,0.9981344,-0.06069588,0.0,-0.30514416,0.059818782,0.95042557,0.0,-7.934009,95.985695,-207.74973,1.0],"velocity":[-46.721832,40.373035]},{"matrix":[0.9982883,-0.0015876782,0.058464084,0.0,0.0063706725,0.9966353,-0.081715666,0.0,-0.05813763,0.08194824,0.99493945,0.0,-14.654912,95.88206,-201.97807,1.0],"velocity":[-30.17781,32.543602]},{"matrix":[0.99802184,0.059029043,-0.021632638,0.0,-0.060507692,0.9952966,-0.07565384,0.0,0.017065115,0.076813124,0.9968995,0.0,-18.079172,96.75852,-196.20451,1.0],"velocity":[-9.582863,36.258736]},{"matrix":[0.99740416,0.05787424,-0.04284308,0.0,-0.0600231,0.99690884,-0.050695382,0.0,0.03977669,0.053135358,0.9977948,0.0,-18.19238,96.30035,-189.00739,1.0],"velocity":[9.666975,54.495678]},{"matrix":[0.99861616,0.046014052,0.02546455,0.0,-0.044190194,0.9967018,-0.06806507,0.0,-0.028512511,0.0668456,0.9973559,0.0,-15.098925,94.969124,-178.10217,1.0],"velocity":[30.89002,74.85751]},{"matrix":[0.9924722,0.09931014,0.07166932,0.0,-0.09371985,0.9925734,-0.077554174,0.0,-0.07883897,0.07025353,0.9944088,0.0,-9.270747,95.04281,-166.47601,1.0],"velocity":[28.549921,59.043926]},{"matrix":[0.9931037,0.09924073,0.062420975,0.0,-0.09262217,0.99054235,-0.101227574,0.0,-0.07187652,0.09474791,0.9929031,0.0,-6.257673,94.99005,-157.91006,1.0],"velocity":[10.108136,48.569588]},{"matrix":[0.99808323,0.057561997,0.022725144,0.0,-0.055630725,0.9953984,-0.07802043,0.0,-0.027111584,0.07660667,0.9966927,0.0,-5.112469,95.28973,-149.29579,1.0],"velocity":[4.8492227,59.70401]},{"matrix":[0.99453104,0.08685722,-0.057999015,0.0,-0.08951586,0.9949715,-0.04492893,0.0,0.053804964,0.049875043,0.9973051,0.0,-4.7081428,94.09779,-137.25954,1.0],"velocity":[-1.1552867,86.32152]},{"matrix":[0.98376995,0.028256666,-0.17719541,0.0,-0.043327723,0.99570906,-0.08176902,0.0,0.17412455,0.08811937,0.980773,0.0,-5.4122553,94.0131,-121.58812,1.0],"velocity":[-10.373176,91.172806]},{"matrix":[0.96040857,0.0153117515,-0.27817428,0.0,-0.045002956,0.9939019,-0.10066655,0.0,0.27493656,0.10919969,0.95524096,0.0,-6.805612,94.960045,-108.671364,1.0],"velocity":[-2.199625,65.70471]},{"matrix":[0.98286444,0.06580203,-0.1721847,0.0,-0.08146534,0.99299896,-0.085536286,0.0,0.16535076,0.09809767,0.981344,0.0,-6.162932,96.04219,-98.151245,1.0],"velocity":[9.311929,60.68086]},{"matrix":[0.9961421,0.0504646,-0.071793094,0.0,-0.05464582,0.99684775,-0.057519168,0.0,0.068664104,0.06122046,0.99575967,0.0,-4.063367,95.21661,-87.23447,1.0],"velocity":[16.842749,76.46515]},{"matrix":[0.9941207,0.06494479,0.08663843,0.0,-0.058190253,0.99522746,-0.07833363,0.0,-0.09131231,0.07283157,0.99315536,0.0,-0.45417523,93.606804,-72.295494,1.0],"velocity":[26.866385,96.717125]},{"matrix":[0.9770338,0.13543788,0.16450387,0.0,-0.11907082,0.9872519,-0.10562113,0.0,-0.17671186,0.08360781,0.9807052,0.0,3.9066398,93.718216,-58.32954,1.0],"velocity":[18.469624,69.76889]},{"matrix":[0.9923725,0.08086144,0.09304937,0.0,-0.070587434,0.9915482,-0.10885601,0.0,-0.10106518,0.101457596,0.989693,0.0,5.6451025,94.96085,-47.87856,1.0],"velocity":[2.6542325,58.89035]},{"matrix":[0.9973739,0.07012747,0.018096386,0.0,-0.06870788,0.9951929,-0.06978783,0.0,-0.022903437,0.06836119,0.9973977,0.0,5.572214,95.01817,-37.12043,1.0],"velocity":[-3.0628357,74.66549]},{"matrix":[0.9877112,0.08246954,-0.13276075,0.0,-0.09196867,0.99350023,-0.06707538,0.0,0.12636615,0.078460924,0.98887587,0.0,4.2966404,93.58106,-22.664656,1.0],"velocity":[-12.132841,98.63134]},{"matrix":[0.9690093,0.013242512,-0.24666902,0.0,-0.03730905,0.99495286,-0.09314968,0.0,0.24419051,0.09946589,0.9646126,0.0,1.4563279,94.50384,-7.526947,1.0],"velocity":[-16.55523,74.57688]},{"matrix":[0.9798271,0.04636978,-0.19439323,0.0,-0.069767244,0.9908779,-0.11529745,0.0,0.18727364,0.12653385,0.9741241,0.0,-0.22025394,95.90255,4.15415,1.0],"velocity":[-1.0128392,64.71741]},{"matrix":[0.99854183,-0.026027175,-0.04729483,0.0,0.02683439,0.9995035,0.016513595,0.0,0.046841543,-0.017758643,0.9987445,0.0,-0.184628,95.910164,0.722266,1.0],"velocity":[-3.3003547,152.55392]},{"matrix":[0.9989787,-0.03394559,0.029820396,0.0,0.033580013,0.9993557,0.012675788,0.0,-0.030231467,-0.011661474,0.9994749,0.0,-0.3348314,94.03894,26.444838,1.0],"velocity":[3.5197105,159.44667]},{"matrix":[0.99773693,-0.011543065,0.06624047,0.0,0.009835582,0.9996124,0.026045512,0.0,-0.06651544,-0.025335055,0.9974637,0.0,1.6037152,89.79262,56.75205,1.0],"velocity":[13.947866,174.51091]},{"matrix":[0.999671,-0.025502814,0.0027352476,0.0,0.025455767,0.99954724,0.016040593,0.0,-0.0031430896,-0.015965689,0.9998676,0.0,3.3970199,96.116,83.66933,1.0],"velocity":[4.6398287,144.69942]},{"matrix":[0.9948512,0.020275353,-0.09929798,0.0,-0.016973155,0.9992781,0.033988126,0.0,0.09991542,-0.032127723,0.9944771,0.0,3.600606,93.47539,108.8784,1.0],"velocity":[-1.8904977,165.88292]},{"matrix":[0.99118733,-0.010061942,-0.132085,0.0,0.017381525,0.998369,0.054380264,0.0,0.13132238,-0.056196865,0.9897456,0.0,1.7128348,89.66895,138.14331,1.0],"velocity":[-14.373435,168.4372]},{"matrix":[0.99758106,-0.028548663,-0.0633794,0.0,0.029686572,0.99941325,0.017085213,0.0,0.06285445,-0.018925402,0.99784327,0.0,-0.089039326,95.587166,165.76552,1.0],"velocity":[-5.7977443,155.39577]},{"matrix":[0.9994767,0.0073305997,-0.031506106,0.0,-0.01125372,0.99193996,-0.12620781,0.0,0.030326989,0.12649633,0.99150336,0.0,-0.076026,94.32319,0.208669,1.0],"velocity":[-6.255355,-70.1056]},{"matrix":[0.9904997,-0.02910965,-0.13439868,0.0,0.0034543825,0.9822968,-0.1872991,0.0,0.1374716,0.18505543,0.97306526,0.0,-0.28271383,91.521545,-12.911187,1.0],"velocity":[6.2362146,-100.32314]},{"matrix":[0.97406286,0.036765587,-0.22327083,0.0,-0.07049966,0.98690856,-0.14505625,0.0,0.21501482,0.15703443,0.9639029,0.0,2.1037927,90.09209,-35.611904,1.0],"velocity":[13.825103,-147.6018]},{"matrix":[0.9965112,-0.0067633726,-0.08318405,0.0,-0.004658981,0.9906486,-0.1363585,0.0,0.08332841,0.13627034,0.987161,0.0,4.7504253,93.60244,-55.863426,1.0],"velocity":[8.718908,-83.74825]},{"matrix":[0.9969073,-0.06488955,0.044330694,0.0,0.07139611,0.98356265,-0.1658527,0.0,-0.03283991,0.1685048,0.9851536,0.0,4.9968367,94.5379,-68.341064,1.0],"velocity":[-3.7033772,-72.35223]},{"matrix":[0.99179846,-0.026092201,0.12511998,0.0,0.04586947,0.98638946,-0.15789801,0.0,-0.119297124,0.16234219,0.9794964,0.0,4.121773,91.13197,-83.33679,1.0],"velocity":[-7.6560307,-120.07222]},{"matrix":[0.97469866,-0.1591758,0.15692556,0.0,0.17111458,0.98305994,-0.06567316,0.0,-0.14381364,0.09086378,0.98542446,0.0,2.666437,89.70807,-106.255135,1.0],"velocity":[-10.393231,-128.64368]},{"matrix":[0.9997704,-0.021387964,0.0012851945,0.0,0.02139664,0.9934098,-0.11260138,0.0,0.0011315894,0.11260303,0.9936394,0.0,0.34819388,94.02311,-121.100296,1.0],"velocity":[-12.973661,-64.76357]},{"matrix":[0.99515766,-0.03580746,-0.09153729,0.0,0.012556749,0.9699655,-0.24291806,0.0,0.097486295,0.24059235,0.96571827,0.0,-0.399525,94.90331,-0.670374,1.0],"velocity":[2.0658176,69.76169]},{"matrix":[0.99506736,-0.08879175,-0.04423721,0.0,0.07894828,0.97883123,-0.1888294,0.0,0.06006726,0.18440552,0.981013,0.0,0.35326594,94.59497,11.355378,1.0],"velocity":[10.193618,86.09768]},{"matrix":[0.9957628,-0.06853035,0.06131836,0.0,0.0783378,0.98138785,-0.1753313,0.0,-0.04816158,0.17939192,0.98259807,0.0,2.429199,93.559875,28.953388,1.0],"velocity":[13.011888,110.046936]},{"matrix":[0.99233323,0.0015903749,0.123580754,0.0,0.026266038,0.9743612,-0.22345118,0.0,-0.12076765,0.224984,0.9668492,0.0,4.6012406,93.75998,42.91964,1.0],"velocity":[11.687962,73.37805]},{"matrix":[0.9958214,-0.03749103,0.08327172,0.0,0.056337804,0.969857,-0.23707277,0.0,-0.07187355,0.24077347,0.9679165,0.0,5.5633698,94.798676,54.196537,1.0],"velocity":[2.9234493,57.937305]},{"matrix":[0.9986136,-0.0018031336,0.052608307,0.0,0.0117610665,0.98179126,-0.18959859,0.0,-0.0513085,0.18995446,0.9804513,0.0,5.5327826,93.994,63.84029,1.0],"velocity":[-5.3197083,61.61216]},{"matrix":[0.9994912,0.018921755,-0.0256754,0.0,-0.022589654,0.9882671,-0.15105559,0.0,0.022515917,0.15155874,0.9881918,0.0,3.3113728,92.94364,75.416046,1.0],"velocity":[-18.228,78.699905]},{"matrix":[0.9968024,-0.044098303,-0.06663551,0.0,0.03317278,0.9870449,-0.15697776,0.0,0.0726947,0.15426533,0.98535156,0.0,0.19766521,93.334694,86.98146,1.0],"velocity":[-17.994362,51.29689]},{"matrix":[0.9928552,-0.0418878,-0.11173162,0.0,0.02141231,0.98370403,-0.17851593,0.0,0.11738849,0.17484803,0.97757256,0.0,-1.4615568,93.57403,93.88235,1.0],"velocity":[-3.1768808,36.898678]},{"matrix":[0.99667615,-0.008595586,-0.08101127,0.0,-0.005291464,0.9854877,-0.1696643,0.0,0.08129398,0.16952902,0.9821666,0.0,-1.1508541,94.7595,99.61264,1.0],"velocity":[9.754846,37.276783]},{"matrix":[0.99854904,-0.031408753,-0.043741427,0.0,0.023047285,0.9833967,-0.1799992,0.0,0.048668727,0.17872992,0.98269373,0.0,0.70051,95.56958,105.68572,1.0],"velocity":[12.203454,31.994295]},{"matrix":[0.99932295,-0.028910914,0.02275468,0.0,0.032237504,0.986121,-0.1628684,0.0,-0.017730195,0.16349168,0.9863854,0.0,2.8185825,96.640755,109.97506,1.0],"velocity":[10.474583,17.319143]},{"matrix":[0.99732447,-0.024646372,0.06882204,0.0,0.034405578,0.9889159,-0.14443536,0.0,-0.06449941,0.14641677,0.987118,0.0,4.247468,97.09663,111.95738,1.0],"velocity":[6.350686,6.211729]},{"matrix":[0.9953059,-0.03016537,0.09195754,0.0,0.041665394,0.9911771,-0.12582538,0.0,-0.08735064,0.1290662,0.9877812,0.0,4.992105,97.39925,112.137886,1.0],"velocity":[2.3384104,-2.6714556]},{"matrix":[0.9934447,-0.03068105,0.110119805,0.0,0.043292236,0.9925341,-0.11402538,0.0,-0.10579924,0.11804523,0.987356,0.0,5.193855,97.329735,111.52083,1.0],"velocity":[0.3327017,-5.9196815]},{"matrix":[0.9936871,-0.028505664,0.108505376,0.0,0.039440308,0.9942052,-0.100002855,0.0,-0.105025955,0.10365103,0.9890531,0.0,5.2129774,97.46115,110.474045,1.0],"velocity":[-0.123536505,-5.7489395]},{"matrix":[0.9950299,-0.02467155,0.09647176,0.0,0.03352999,0.9952579,-0.09130949,0.0,-0.09376153,0.09409037,0.99113864,0.0,5.2319503,97.53767,109.59296,1.0],"velocity":[0.36236992,-4.8938537]},{"matrix":[0.9957114,-0.02481347,0.08912415,0.0,0.033158846,0.9950751,-0.093413234,0.0,-0.08636732,0.095967874,0.9916304,0.0,5.2901073,97.623695,108.949486,1.0],"velocity":[0.41003364,-2.521312]},{"matrix":[0.9998221,-0.018709887,0.002386578,0.0,0.01876662,0.9994724,-0.026509155,0.0,-0.0018893355,0.026549228,0.9996457,0.0,0.191895,95.95428,0.742339,1.0],"velocity":[5.310855,-1.2394563]},{"matrix":[0.99969226,-0.024769554,0.0013450859,0.0,0.02479886,0.9992376,-0.030152787,0.0,-0.0005971894,0.030176863,0.9995444,0.0,0.95408547,95.84782,0.84897596,1.0],"velocity":[3.6137862,1.431091]},{"matrix":[0.999517,-0.031011848,-0.0019997663,0.0,0.030924423,0.9989254,-0.034521643,0.0,0.0030681973,0.03444313,0.9994019,0.0,1.4256698,95.49514,1.0462835,1.0],"velocity":[1.6782855,0.9568572]},{"matrix":[0.99944407,-0.033239335,-0.002580674,0.0,0.03312374,0.9987902,-0.036344964,0.0,0.003785634,0.036239278,0.99933594,0.0,1.5478115,95.073875,1.1669765,1.0],"velocity":[-0.050639097,0.31631553]},{"matrix":[0.999377,-0.035284434,0.00079921156,0.0,0.035289455,0.99866474,-0.03772765,0.0,0.00053305423,0.03773235,0.9992877,0.0,1.4745878,94.778786,1.1648812,1.0],"velocity":[-0.89254266,-0.06480088]},{"matrix":[0.9992775,-0.037913494,0.0026537296,0.0,0.03799279,0.9983438,-0.04319838,0.0,-0.0010115333,0.04326799,0.999063,0.0,1.2612287,94.6103,1.1984795,1.0],"velocity":[-1.808066,0.26399562]},{"matrix":[0.9993059,-0.03698855,0.004418044,0.0,0.037160322,0.9981166,-0.048809797,0.0,-0.002604319,0.048940092,0.9987983,0.0,0.89351386,94.48789,1.2380906,1.0],"velocity":[-2.598787,0.19817911]},{"matrix":[0.9993124,-0.036765054,0.0048043365,0.0,0.03696984,0.9978803,-0.053555492,0.0,-0.0028251822,0.053696286,0.99855334,0.0,0.40839458,94.37248,1.2258226,1.0],"velocity":[-3.3393533,-0.4396661]},{"matrix":[0.9993999,-0.034299742,0.004833449,0.0,0.03451654,0.9978396,-0.055898376,0.0,-0.0029057073,0.056031667,0.99842477,0.0,-0.19978762,94.3212,1.1249715,1.0],"velocity":[-4.001261,-0.7395454]},{"matrix":[0.99949247,-0.031554736,0.00437596,0.0,0.031740695,0.9981251,-0.052333638,0.0,-0.0027163818,0.05244597,0.9986201,0.0,-0.9073757,94.371025,0.955321,1.0],"velocity":[-4.5819297,-1.4695494]},{"matrix":[0.99968547,-0.024933148,0.0027011533,0.0,0.025033485,0.9985535,-0.047583405,0.0,-0.001510842,0.04763606,0.99886364,0.0,-1.7256562,94.56297,0.68952614,1.0],"velocity":[-5.1410556,-1.4187316]},{"matrix":[0.99979556,-0.019834293,-0.003933346,0.0,0.019641181,0.99882907,-0.044212263,0.0,0.004805659,0.04412597,0.99901444,0.0,-2.606775,94.79438,0.47845235,1.0],"velocity":[-5.53584,-1.1709379]},{"matrix":[0.9998697,-0.014999061,-0.0059639104,0.0,0.014754943,0.99912786,-0.03906161,0.0,0.0065445965,0.038968522,0.999219,0.0,-3.5719705,95.02674,0.31041738,1.0],"velocity":[-6.052688,-0.78166413]},{"matrix":[0.99994385,-0.009388236,-0.004909636,0.0,0.009193223,0.9992225,-0.038338836,0.0,0.0052657533,0.038291547,0.99925274,0.0,-4.6244035,95.222855,0.22995402,1.0],"velocity":[-6.5973015,0.1307971]},{"matrix":[0.9999767,0.00087374076,-0.0067728506,0.0,-0.0011349015,0.9992521,-0.038652536,0.0,0.0067340126,0.038659323,0.9992297,0.0,-5.7506886,95.53679,0.32320854,1.0],"velocity":[-6.878992,0.7773441]},{"matrix":[0.9998538,0.01272399,-0.011425774,0.0,-0.01315891,0.9991591,-0.038832862,0.0,0.010922057,0.038977537,0.9991804,0.0,-6.8996124,95.93733,0.50940853,1.0],"velocity":[-6.870152,1.7508253]},{"matrix":[0.9996236,0.024004696,-0.013283032,0.0,-0.02449431,0.99897695,-0.038014904,0.0,0.012356906,0.03832595,0.9991889,0.0,-8.028613,96.069595,0.80178094,1.0],"velocity":[-6.676522,1.3098933]},{"matrix":[0.9991245,0.036151394,-0.021055043,0.0,-0.0368973,0.99866366,-0.036186956,0.0,0.019718695,0.036932148,0.9991232,0.0,-9.113795,96.00152,0.96930856,1.0],"velocity":[-6.1728773,0.8575638]},{"matrix":[0.9986616,0.039973248,-0.032820977,0.0,-0.041188862,0.99845725,-0.037236933,0.0,0.03128186,0.03853895,0.9987673,0.0,-10.063565,95.81801,1.0672753,1.0],"velocity":[-5.111802,0.031978447]},{"matrix":[0.99866855,0.035246573,-0.03766629,0.0,-0.036615767,0.99866986,-0.036300987,0.0,0.036336705,0.037631832,0.9986308,0.0,-10.852571,95.41502,0.9875231,1.0],"velocity":[-4.297514,-0.8661431]},{"matrix":[0.9988666,0.028511796,-0.038111873,0.0,-0.029984873,0.9988026,-0.038655452,0.0,0.036964104,0.03975442,0.99852556,0.0,-11.495639,94.87442,0.87823313,1.0],"velocity":[-3.4869452,-0.51946914]},{"matrix":[0.9988467,0.023751426,-0.041726287,0.0,-0.025521088,0.9987746,-0.042403348,0.0,0.040668014,0.043419346,0.99822885,0.0,-11.655334,94.462906,0.7666414,1.0],"velocity":[1.7259635,-0.62308615]},{"matrix":[0.9989743,0.020181902,-0.040534355,0.0,-0.0219622,0.9987916,-0.043966673,0.0,0.03959804,0.0448118,0.9982104,0.0,-11.141207,94.71289,0.6860399,1.0],"velocity":[4.639285,-0.50884783]},{"matrix":[0.99920624,0.016820237,-0.036110166,0.0,-0.018059958,0.9992489,-0.03428447,0.0,0.03550637,0.0349094,0.99875957,0.0,-10.218413,95.04179,0.51744586,1.0],"velocity":[6.403242,-1.584689]},{"matrix":[0.9995177,0.015717607,-0.026783675,0.0,-0.016327731,0.99960864,-0.022715397,0.0,0.02641616,0.023141757,0.99938315,0.0,-9.05726,95.45281,0.2936599,1.0],"velocity":[7.4930987,-1.0202794]},{"matrix":[0.9997372,0.013085874,-0.018821076,0.0,-0.013382396,0.9997869,-0.01571611,0.0,0.018611405,0.015963852,0.99969935,0.0,-7.7862983,95.67283,0.14693987,1.0],"velocity":[7.60954,-0.7454247]},{"matrix":[0.9997417,0.009136492,-0.020810036,0.0,-0.009265631,0.99993837,-0.0061176578,0.0,0.02075286,0.0063088955,0.99976474,0.0,-6.539863,96.05621,0.04724758,1.0],"velocity":[7.436108,0.104577914]},{"matrix":[0.9996932,0.004298704,-0.024393642,0.0,-0.004295846,0.99999076,0.00016956328,0.0,0.024394145,-0.000064719934,0.9997024,0.0,-5.29859,96.165634,0.21110728,1.0],"velocity":[7.652712,1.6398278]},{"matrix":[0.9997852,-0.0042303833,-0.020288877,0.0,0.0042318976,0.99999106,0.000031682972,0.0,0.02028856,-0.00011753662,0.9997942,0.0,-3.9556212,96.33102,0.48542657,1.0],"velocity":[8.503806,1.2837332]},{"matrix":[0.9998533,-0.012471301,-0.011738596,0.0,0.01242181,0.9999137,-0.0042796377,0.0,0.0117909545,0.0041331956,0.9999219,0.0,-2.4399626,96.482574,0.5900162,1.0],"velocity":[9.925491,-0.20777765]},{"matrix":[0.99973965,-0.021905195,0.0063863965,0.0,0.021957312,0.9997252,-0.008208265,0.0,-0.006204838,0.0083463555,0.99994594,0.0,-0.6501968,96.47328,0.42613304,1.0],"velocity":[11.663947,-1.9117421]},{"matrix":[0.9992285,-0.029063387,0.02641477,0.0,0.029503169,0.9994299,-0.016414592,0.0,-0.025922649,0.017181246,0.9995163,0.0,1.3621526,96.198395,0.039306194,1.0],"velocity":[12.256078,-2.8533032]},{"matrix":[0.9982444,-0.038832415,0.044723377,0.0,0.039802853,0.99898654,-0.021016166,0.0,-0.04386194,0.02275939,0.99877834,0.0,3.3465495,95.805824,-0.48331037,1.0],"velocity":[11.16326,-3.1482587]},{"matrix":[0.99675775,-0.050817117,0.06238303,0.0,0.052647755,0.99821883,-0.028059745,0.0,-0.060845997,0.031253096,0.9976578,0.0,4.995743,95.15932,-0.9571457,1.0],"velocity":[7.9321995,-2.3593922]},{"matrix":[0.99546534,-0.055137545,0.07751511,0.0,0.057923168,0.9977365,-0.03415802,0.0,-0.07545626,0.038493045,0.99640584,0.0,5.9393945,94.72467,-1.2156558,1.0],"velocity":[2.6407287,-0.403668]},{"matrix":[0.9957113,-0.05101189,0.07717962,0.0,0.053652138,0.99802965,-0.032530114,0.0,-0.07536813,0.036531456,0.99648637,0.0,5.8614936,94.6502,-1.2012036,1.0],"velocity":[-4.100136,0.3857941]},{"matrix":[0.9968834,-0.040198863,0.06787855,0.0,0.04224538,0.9986867,-0.02898781,0.0,-0.06662413,0.03176502,0.9972724,0.0,4.7614746,95.11696,-1.0919453,1.0],"velocity":[-9.160841,0.99633855]},{"matrix":[0.997782,-0.029922167,0.059462592,0.0,0.031387087,0.9992226,-0.02385641,0.0,-0.05870253,0.025669852,0.9979454,0.0,2.993666,95.50407,-0.88055605,1.0],"velocity":[-12.035511,1.7295862]},{"matrix":[0.998194,-0.02000607,0.056644328,0.0,0.02121924,0.9995564,-0.020897469,0.0,-0.056201123,0.022061678,0.9981757,0.0,0.87001586,95.82354,-0.5579843,1.0],"veloci