{"joints":[{"name":"Model_Hips","offset":[0.0,96.91508,0.0],"parent_index":null,"pose_refs":[{"pose_index":0,"data_type":"PositionX"},{"pose_index":1,"data_type":"PositionY"},{"pose_index":2,"data_type":"PositionZ"},{"pose_index":3,"data_type":"RotationX"},{"pose_index":4,"data_type":"RotationY"},{"pose_index":5,"data_type":"RotationZ"}]},{"name":"Model_Spine","offset":[0.0,11.137703,-1.2899],"parent_index":0,"pose_refs":[{"pose_index":6,"data_type":"RotationX"},{"pose_index":7,"data_type":"RotationY"},{"pose_index":8,"data_type":"RotationZ"}]},{"name":"Model_Spine1","offset":[0.0,12.993942,-1.504922],"parent_index":1,"pose_refs":[{"pose_index":9,"data_type":"RotationX"},{"pose_index":10,"data_type":"RotationY"},{"pose_index":11,"data_type":"RotationZ"}]},{"name":"Model_Spine2","offset":[0.0,14.85022,-1.719911],"parent_index":2,"pose_refs":[{"pose_index":12,"data_type":"RotationX"},{"pose_index":13,"data_type":"RotationY"},{"pose_index":14,"data_type":"RotationZ"}]},{"name":"Model_Neck","offset":[0.0,16.706543,-1.934903],"parent_index":3,"pose_refs":[{"pose_index":15,"data_type":"RotationX"},{"pose_index":16,"data_type":"RotationY"},{"pose_index":17,"data_type":"RotationZ"}]},{"name":"Model_Head","offset":[0.0,10.471298,2.0021],"parent_index":4,"pose_refs":[{"pose_index":18,"data_type":"RotationX"},{"pose_index":19,"data_type":"RotationY"},{"pose_index":20,"data_type":"RotationZ"}]},{"name":"Model_HeadTop_End","offset":[0.0,20.842606,3.9851],"parent_index":5,"pose_refs":[{"pose_index":21,"data_type":"RotationX"},{"pose_index":22,"data_type":"RotationY"},{"pose_index":23,"data_type":"RotationZ"}]},{"name":"Model_LeftShoulder","offset":[7.0085,14.7686,-1.919946],"parent_index":3,"pose_refs":[{"pose_index":24,"data_type":"RotationX"},{"pose_index":25,"data_type":"RotationY"},{"pose_index":26,"data_type":"RotationZ"}]},{"name":"Model_LeftArm","offset":[14.126271,-3.718048,0.029937],"parent_index":7,"pose_refs":[{"pose_index":27,"data_type":"RotationX"},{"pose_index":28,"data_type":"RotationY"},{"pose_index":29,"data_type":"RotationZ"}]},{"name":"Model_LeftForeArm","offset":[28.2828,0.0,0.0],"parent_index":8,"pose_refs":[{"pose_index":30,"data_type":"RotationX"},{"pose_index":31,"data_type":"RotationY"},{"pose_index":32,"data_type":"RotationZ"}]},{"name":"Model_LeftHand","offset":[26.204689,0.0,0.0],"parent_index":9,"pose_refs":[{"pose_index":33,"data_type":"RotationX"},{"pose_index":34,"data_type":"RotationY"},{"pose_index":35,"data_type":"RotationZ"}]},{"name":"Model_RightShoulder","offset":[-7.0085,14.768555,-1.94984],"parent_index":3,"pose_refs":[{"pose_index":36,"data_type":"RotationX"},{"pose_index":37,"data_type":"RotationY"},{"pose_index":38,"data_type":"RotationZ"}]},{"name":"Model_RightArm","offset":[-14.126281,-3.718018,-0.029932],"parent_index":11,"pose_refs":[{"pose_index":39,"data_type":"RotationX"},{"pose_index":40,"data_type":"RotationY"},{"pose_index":41,"data_type":"RotationZ"}]},{"name":"Model_RightForeArm","offset":[-28.283798,0.0,-0.000001],"parent_index":12,"pose_refs":[{"pose_index":42,"data_type":"RotationX"},{"pose_index":43,"data_type":"RotationY"},{"pose_index":44,"data_type":"RotationZ"}]},{"name":"Model_RightHand","offset":[-26.204193,0.0,-0.000001],"parent_index":13,"pose_refs":[{"pose_index":45,"data_type":"RotationX"},{"pose_index":46,"data_type":"RotationY"},{"pose_index":47,"data_type":"RotationZ"}]},{"name":"Model_LeftUpLeg","offset":[8.3277,-6.193199,-0.4028],"parent_index":0,"pose_refs":[{"pose_index":48,"data_type":"RotationX"},{"pose_index":49,"data_type":"RotationY"},{"pose_index":50,"data_type":"RotationZ"}]},{"name":"Model_LeftLeg","offset":[0.735802,-42.10874,-0.610721],"parent_index":15,"pose_refs":[{"pose_index":51,"data_type":"RotationX"},{"pose_index":52,"data_type":"RotationY"},{"pose_index":53,"data_type":"RotationZ"}]},{"name":"Model_LeftFoot","offset":[-0.735806,-36.833748,-0.172876],"parent_index":16,"pose_refs":[{"pose_index":54,"data_type":"RotationX"},{"pose_index":55,"data_type":"RotationY"},{"pose_index":56,"data_type":"RotationZ"}]},{"name":"Model_LeftToeBase","offset":[-0.565857,-11.977769,16.297714],"parent_index":17,"pose_refs":[{"pose_index":57,"data_type":"RotationX"},{"pose_index":58,"data_type":"RotationY"},{"pose_index":59,"data_type":"RotationZ"}]},{"name":"Model_LeftToe_End","offset":[-0.111712,-0.312793,7.857784],"parent_index":18,"pose_refs":[{"pose_index":60,"data_type":"RotationX"},{"pose_index":61,"data_type":"RotationY"},{"pose_index":62,"data_type":"RotationZ"}]},{"name":"Model_RightUpLeg","offset":[-8.3277,-6.193199,-0.5165],"parent_index":0,"pose_refs":[{"pose_index":63,"data_type":"RotationX"},{"pose_index":64,"data_type":"RotationY"},{"pose_index":65,"data_type":"RotationZ"}]},{"name":"Model_RightLeg","offset":[-0.735785,-42.108738,-0.434061],"parent_index":20,"pose_refs":[{"pose_index":66,"data_type":"RotationX"},{"pose_index":67,"data_type":"RotationY"},{"pose_index":68,"data_type":"RotationZ"}]},{"name":"Model_RightFoot","offset":[0.735776,-36.833748,-0.02163],"parent_index":21,"pose_refs":[{"pose_index":69,"data_type":"RotationX"},{"pose_index":70,"data_type":"RotationY"},{"pose_index":71,"data_type":"RotationZ"}]},{"name":"Model_RightToeBase","offset":[0.565817,-11.977745,15.903093],"parent_index":22,"pose_refs":[{"pose_index":72,"data_type":"RotationX"},{"pose_index":73,"data_type":"RotationY"},{"pose_index":74,"data_type":"RotationZ"}]},{"name":"Model_RightToe_End","offset":[0.111702,-0.312791,7.811342],"parent_index":23,"pose_refs":[{"pose_index":75,"data_type":"RotationX"},{"pose_index":76,"data_type":"RotationY"},{"pose_index":77,"data_type":"RotationZ"}]}],"trajectory_data":{"points":[{"matrix":[0.99994254,0.0088560805,-0.0060402486,0.0,-0.009087414,0.99918175,-0.039411984,0.0,0.0056862705,0.039464608,0.9992048,0.0,0.00073,95.938324,0.333576,1.0],"velocity":[-2.9266815,99.80651]},{"matrix":[0.9999098,-0.0016164747,-0.013331833,0.0,0.0023238356,0.9985804,0.053214453,0.0,0.013226888,-0.053240635,0.9984941,0.0,-0.84111726,95.05915,17.775097,1.0],"velocity":[-7.873042,120.559845]},{"matrix":[0.98662883,0.06998631,0.14719212,0.0,-0.0650053,0.99714625,-0.038388528,0.0,-0.14945874,0.028306961,0.98836267,0.0,-3.2747188,91.31044,39.809082,1.0],"velocity":[-26.03589,116.80111]},{"matrix":[0.8463644,0.089307725,0.5250632,0.0,-0.04940936,0.99475574,-0.0895531,0.0,-0.5303075,0.04985152,0.8463385,0.0,-7.343124,92.79825,56.389393,1.0],"velocity":[-20.684298,90.27629]},{"matrix":[0.45791817,0.1360496,0.87852234,0.0,-0.04992384,0.9905963,-0.12738344,0.0,-0.8875914,0.014471993,0.46040416,0.0,-11.365464,95.791374,69.76826,1.0],"velocity":[-34.97588,76.90734]},{"matrix":[0.29913807,0.10766615,0.9481162,0.0,-0.021482691,0.994122,-0.10611252,0.0,-0.9539679,0.011374205,0.29969275,0.0,-21.978495,95.34003,84.20984,1.0],"velocity":[-101.47251,95.04999]},{"matrix":[0.110120416,0.13000181,0.9853797,0.0,0.04302319,0.9898564,-0.13540046,0.0,-0.9929867,0.057304535,0.1034103,0.0,-37.376938,94.57595,97.14433,1.0],"velocity":[-81.745346,56.05113]},{"matrix":[0.99618316,-0.02284849,0.084243916,0.0,0.03067854,0.9952069,-0.092855036,0.0,-0.08171853,0.0950851,0.9921093,0.0,0.370187,97.632675,-0.875546,1.0],"velocity":[0.6188269,0.6322663]},{"matrix":[0.99617517,-0.016060721,0.085890286,0.0,0.02401663,0.995431,-0.09241356,0.0,-0.08401363,0.09412289,0.9920094,0.0,0.5848416,97.60801,-0.6567855,1.0],"velocity":[2.4532318,2.8153226]},{"matrix":[0.99626404,-0.01680626,0.084708326,0.0,0.023636237,0.99649185,-0.080282934,0.0,-0.083061896,0.08198518,0.9931662,0.0,1.2187562,97.25425,0.07419431,1.0],"velocity":[6.0675006,7.468831]},{"matrix":[0.9958332,-0.018723637,0.08925048,0.0,0.023781892,0.99815017,-0.055952616,0.0,-0.08803775,0.057842016,0.9944363,0.0,2.6676261,96.85848,2.4297361,1.0],"velocity":[11.593264,20.477707]},{"matrix":[0.9935947,-0.02800793,0.109476425,0.0,0.03309421,0.9984422,-0.044922292,0.0,-0.1080477,0.04825759,0.99297374,0.0,4.676658,96.146385,5.6886406,1.0],"velocity":[10.406792,14.64806]},{"matrix":[0.99334365,-0.056809146,0.10020547,0.0,0.06280226,0.99635655,-0.057702042,0.0,-0.09656238,0.06361109,0.99329215,0.0,5.27227,95.30159,9.366718,1.0],"velocity":[-2.2122133,33.970936]},{"matrix":[0.99279773,-0.08460536,0.08482093,0.0,0.084709935,0.99640286,0.0023719762,0.0,-0.08471651,0.0048302836,0.9963934,0.0,4.4301906,95.16445,16.439344,1.0],"velocity":[-8.595171,53.730427]},{"matrix":[0.9991676,-0.040401712,-0.0056383084,0.0,0.04062008,0.9980988,0.046355847,0.0,0.0037547327,-0.04654629,0.99890906,0.0,1.7873359,92.73312,26.780266,1.0],"velocity":[-20.618946,83.558975]},{"matrix":[0.99539655,-0.09567444,-0.005665049,0.0,0.0958083,0.9948743,0.03233955,0.0,0.0025419435,-0.032733433,0.9994609,0.0,-1.9649768,93.600876,41.33854,1.0],"velocity":[-19.208197,77.63151]},{"matrix":[0.9957694,-0.09094396,-0.01313537,0.0,0.08991371,0.993842,-0.06475763,0.0,0.018943798,0.06330262,0.9978146,0.0,-4.1540556,94.71968,54.12349,1.0],"velocity":[-6.8280954,73.76737]},{"matrix":[0.9993076,-0.03325467,0.016686952,0.0,0.034626883,0.99533045,-0.09010129,0.0,-0.013612742,0.09061672,0.9957928,0.0,-4.5222564,96.10437,65.99212,1.0],"velocity":[1.2574518,72.77702]},{"matrix":[0.99625355,-0.06993982,0.050865065,0.0,0.072788104,0.9957467,-0.056484178,0.0,-0.046698224,0.05997494,0.99710697,0.0,-3.9601371,92.830154,79.58083,1.0],"velocity":[11.120116,97.44175]},{"matrix":[0.99380416,0.0016401745,0.11113337,0.0,0.0067353556,0.9971647,-0.07494733,0.0,-0.1109412,0.07523149,0.99097544,0.0,-1.5583627,92.5977,98.22927,1.0],"velocity":[15.400972,98.23]},{"matrix":[0.9950508,0.020742841,0.09717841,0.0,-0.0077065257,0.9911332,-0.13264814,0.0,-0.09906825,0.13124272,0.9863878,0.0,0.91806865,94.270096,112.07188,1.0],"velocity":[9.554571,79.07389]},{"matrix":[0.9994434,-0.031964373,-0.0095500015,0.0,0.030196175,0.9884755,-0.14833862,0.0,0.014181493,0.14796767,0.9888905,0.0,1.9852645,95.91312,124.54336,1.0],"velocity":[2.9200234,73.05991]},{"matrix":[0.99881077,0.008647542,-0.04798254,0.0,-0.013450187,0.99482685,-0.10069047,0.0,0.046863597,0.10121609,0.9937601,0.0,2.2257438,94.36338,137.48434,1.0],"velocity":[-6.3125925,89.71897]},{"matrix":[0.9920264,-0.030329978,-0.12232628,0.0,0.014250236,0.9913799,-0.13024122,0.0,0.12522203,0.12745956,0.9839073,0.0,0.17226577,92.12363,155.87129,1.0],"velocity":[-14.440632,114.95864]},{"matrix":[0.9830668,-0.08189623,-0.16392876,0.0,0.04665783,0.9769579,-0.2082698,0.0,0.17720802,0.19709459,0.964236,0.0,-2.0492969,93.071495,171.64944,1.0],"velocity":[-11.004376,83.336044]},{"matrix":[0.9999414,-0.008997632,0.006021277,0.0,0.009227872,0.9991821,-0.039370038,0.0,-0.0056621153,0.039423294,0.99920654,0.0,0.000182,95.93551,0.333447,1.0],"velocity":[2.904602,99.823425]},{"matrix":[0.9999113,0.0018829788,0.01318629,0.0,-0.0025821538,0.9985801,0.05320825,0.0,-0.013067377,-0.053237576,0.99849635,0.0,0.8413506,95.0721,17.769812,1.0],"velocity":[7.884504,120.55378]},{"matrix":[0.9865941,-0.07011984,-0.14736123,0.0,0.06513113,0.99713695,-0.038416483,0.0,0.1496331,0.028303673,0.9883364,0.0,3.277924,91.327614,39.809975,1.0],"velocity":[26.09198,116.87091]},{"matrix":[0.84632874,-0.08954251,-0.52508074,0.0,0.049598698,0.99473405,-0.08968939,0.0,0.5303467,0.049863383,0.8463132,0.0,7.345594,92.80423,56.388805,1.0],"velocity":[20.651482,90.26599]},{"matrix":[0.45785737,-0.13605258,-0.87855357,0.0,0.049984075,0.990597,-0.12735444,0.0,0.88761944,0.014396489,0.46035266,0.0,11.366,95.78452,69.76957,1.0],"velocity":[35.014618,76.94854]},{"matrix":[0.2989449,-0.107686356,-0.9481749,0.0,0.021576822,0.99412113,-0.10610174,0.0,0.9540264,0.0112599805,0.29951096,0.0,21.980566,95.32758,84.210686,1.0],"velocity":[101.45008,95.026184]},{"matrix":[0.10994649,-0.13034609,-0.9853535,0.0,-0.042871352,0.98981917,-0.13572043,0.0,0.9930125,0.05716542,0.10323906,0.0,37.373337,94.5598,97.141335,1.0],"velocity":[81.74809,56.06074]},{"matrix":[0.99854016,0.026079338,0.04730146,0.0,-0.026886389,0.9995022,0.01650656,0.0,-0.046847437,-0.017754227,0.99874425,0.0,0.181259,95.91448,0.730407,1.0],"velocity":[2.9529004,91.1302]},{"matrix":[0.924539,-0.03413523,-0.3795555,0.0,0.035692044,0.99935853,-0.002936719,0.0,0.37941226,-0.010832,0.92516434,0.0,-1.0832375,92.31658,15.594236,1.0],"velocity":[-22.941442,72.98994]},{"matrix":[0.4462241,-0.02835708,-0.89447194,0.0,0.05044146,0.99870586,-0.0064978953,0.0,0.8934986,-0.042218953,0.44707704,0.0,-4.0886226,92.12376,22.972202,1.0],"velocity":[-8.144741,32.845947]},{"matrix":[-0.2960949,-0.011445919,-0.95509,0.0,0.045117825,0.9986444,-0.025955208,0.0,0.9540923,-0.050776787,-0.2951771,0.0,-3.5042148,96.058044,26.383183,1.0],"velocity":[11.351483,-2.6166394]},{"matrix":[-0.6466992,0.007571131,-0.7627077,0.0,0.062192082,0.9971446,-0.042834297,0.0,0.7602056,-0.07513528,-0.6453234,0.0,-1.286499,94.170555,20.04018,1.0],"velocity":[13.228298,-88.41724]},{"matrix":[-0.876542,0.026172115,-0.48061326,0.0,0.054023243,0.99756074,-0.04420471,0.0,0.47828397,-0.06471157,-0.87581766,0.0,-0.24130607,93.18999,4.5530567,1.0],"velocity":[0.65950626,-87.45415]},{"matrix":[0.9985534,0.026060347,0.047032118,0.0,-0.026861515,0.99950325,0.016483504,0.0,-0.04657919,-0.017723013,0.99875736,0.0,-0.18072516,95.91543,-9.6961,1.0],"velocity":[2.9529004,91.1302]},{"matrix":[0.9985415,-0.025344826,-0.047671586,0.0,0.021663219,0.9968557,-0.076219685,0.0,0.049453467,0.0750758,0.9959508,0.0,0.244185,96.49411,0.265634,1.0],"velocity":[-6.169197,114.95056]},{"matrix":[0.9937517,-0.017862404,-0.110174626,0.0,0.014385912,0.9993757,-0.03226902,0.0,0.11068225,0.03048243,0.9933883,0.0,0.50765115,92.16246,21.1911,1.0],"velocity":[17.20046,136.45079]},{"matrix":[0.99302465,0.0029748436,-0.117869414,0.0,-0.008308743,0.998962,-0.04478712,0.0,0.11761383,0.04545406,0.9920186,0.0,5.7237873,90.89404,45.427803,1.0],"velocity":[38.992275,147.2466]},{"matrix":[0.95464826,-0.028617116,-0.29635745,0.0,0.0048511866,0.99673307,-0.080620386,0.0,0.2976964,0.075526424,0.9516683,0.0,11.28959,94.681244,67.27506,1.0],"velocity":[30.907187,122.899315]},{"matrix":[0.890491,-0.031048564,-0.45394024,0.0,0.005134711,0.99829125,-0.058208313,0.0,0.45497188,0.04950313,0.8891288,0.0,16.164736,95.09172,86.391975,1.0],"velocity":[32.41177,112.16314]},{"matrix":[0.8463381,-0.010589042,-0.53254086,0.0,-0.008373504,0.9994143,-0.033179905,0.0,0.5325803,0.032540653,0.8457537,0.0,22.26174,91.47416,107.56889,1.0],"velocity":[40.91204,147.53658]},{"matrix":[0.7933929,-0.07694367,-0.6038273,0.0,0.018304167,0.9945459,-0.102681056,0.0,0.6084346,0.07041387,0.79047406,0.0,29.273106,93.31626,130.29962,1.0],"velocity":[45.2654,108.7872]},{"matrix":[0.7826023,-0.028925395,-0.62184954,0.0,-0.026229309,0.99650073,-0.07936211,0.0,0.6219691,0.078419656,0.7791051,0.0,36.783752,96.4719,146.33252,1.0],"velocity":[48.061024,88.8822]},{"matrix":[0.9985393,-0.026109047,-0.04730197,0.0,0.02691631,0.99950135,0.016510274,0.0,0.046847314,-0.017759353,0.9987442,0.0,-0.180995,95.91182,0.730175,1.0],"velocity":[-2.9692802,91.14322]},{"matrix":[0.92455333,0.034446888,0.3794925,0.0,-0.035962716,0.99934834,-0.003096218,0.0,-0.37935182,-0.010784961,0.9251896,0.0,1.0814477,92.32603,15.58995,1.0],"velocity":[22.947079,73.00464]},{"matrix":[0.44621563,0.028584242,0.8944689,0.0,-0.050537534,0.99869967,-0.0067039,0.0,-0.89349747,-0.04221286,0.44708002,0.0,4.087672,92.12405,22.970142,1.0],"velocity":[8.149519,32.865173]},{"matrix":[-0.2960639,0.0116352495,0.95509726,0.0,-0.045017935,0.99864465,-0.02612055,0.0,-0.9541066,-0.050729863,-0.29513884,0.0,3.5035484,96.04866,26.380692,1.0],"velocity":[-11.342528,-2.62774]},{"matrix":[-0.64661837,-0.0073190182,0.7627786,0.0,-0.061953746,0.9971544,-0.042951178,0.0,-0.76029366,-0.075030014,-0.64523184,0.0,1.2876577,94.15262,20.03624,1.0],"velocity":[-13.222597,-88.343994]},{"matrix":[-0.87649965,-0.02621619,0.4806883,0.0,-0.05406196,0.9975601,-0.044172205,0.0,-0.47835746,-0.064703874,-0.8757783,0.0,0.24179065,93.17719,4.555496,1.0],"velocity":[-0.6683261,-87.44053]},{"matrix":[0.99855256,-0.026089678,-0.04703257,0.0,0.026891055,0.9995024,0.016487211,0.0,0.046579022,-0.017728101,0.9987573,0.0,0.18045712,95.91279,-9.695861,1.0],"velocity":[-2.9692802,91.14322]},{"matrix":[0.99145347,-0.069513746,0.110398725,0.0,0.076154284,0.9954589,-0.057114314,0.0,-0.10592717,0.06503352,0.99224496,0.0,0.170584,96.335754,0.305657,1.0],"velocity":[-3.6436667,-22.668148]},{"matrix":[0.9774607,-0.03892418,-0.2074982,0.0,0.031397216,0.9987283,-0.039446775,0.0,0.20876974,0.032042805,0.97743976,0.0,-2.2481966,96.65379,-3.800568,1.0],"velocity":[-21.713987,-25.320263]},{"matrix":[0.9101285,-0.031311046,-0.4131413,0.0,0.01028921,0.99854094,-0.053010583,0.0,0.41419834,0.043995544,0.9091227,0.0,-4.6451917,96.71772,-7.534256,1.0],"velocity":[1.2740167,-20.717112]},{"matrix":[0.80804354,-0.040558327,-0.587725,0.0,-0.012402143,0.99623513,-0.08580051,0.0,0.5889922,0.076619595,0.8044984,0.0,-4.0977125,96.09869,-10.580885,1.0],"velocity":[-1.2478675,-3.5719159]},{"matrix":[0.52475065,-0.070021905,-0.84837127,0.0,-0.032468908,0.9942395,-0.10214471,0.0,0.8506366,0.08114619,0.5194543,0.0,-3.779718,96.78023,-7.5269485,1.0],"velocity":[25.176342,52.56015]},{"matrix":[0.15661114,-0.070346184,-0.985152,0.0,-0.054407686,0.99533117,-0.07972232,0.0,0.98616064,0.06608524,0.15205258,0.0,-0.09510112,96.40474,-1.1218729,1.0],"velocity":[9.146997,18.444351]},{"matrix":[-0.024271011,-0.05910125,-0.9979569,0.0,-0.04326273,0.9973779,-0.05801478,0.0,0.9987688,0.041766264,-0.026764154,0.0,-1.1496894,96.250465,0.36127818,1.0],"velocity":[-25.07962,13.874843]},{"matrix":[0.99854183,-0.026027175,-0.04729483,0.0,0.02683439,0.9995035,0.016513595,0.0,0.046841543,-0.017758643,0.9987445,0.0,-0.184628,95.910164,0.722266,1.0],"velocity":[-3.3003547,152.55392]},{"matrix":[0.9989787,-0.03394559,0.029820396,0.0,0.033580013,0.9993557,0.012675788,0.0,-0.030231467,-0.011661474,0.9994749,0.0,-0.3348314,94.03894,26.444838,1.0],"velocity":[3.5197105,159.44667]},{"matrix":[0.99773693,-0.011543065,0.06624047,0.0,0.009835582,0.9996124,0.026045512,0.0,-0.06651544,-0.025335055,0.9974637,0.0,1.6037152,89.79262,56.75205,1.0],"velocity":[13.947866,174.51091]},{"matrix":[0.999671,-0.025502814,0.0027352476,0.0,0.025455767,0.99954724,0.016040593,0.0,-0.0031430896,-0.015965689,0.9998676,0.0,3.3970199,96.116,83.66933,1.0],"velocity":[4.6398287,144.69942]},{"matrix":[0.9948512,0.020275353,-0.09929798,0.0,-0.016973155,0.9992781,0.033988126,0.0,0.09991542,-0.032127723,0.9944771,0.0,3.600606,93.47539,108.8784,1.0],"velocity":[-1.8904977,165.88292]},{"matrix":[0.99118733,-0.010061942,-0.132085,0.0,0.017381525,0.998369,0.054380264,0.0,0.13132238,-0.056196865,0.9897456,0.0,1.7128348,89.66895,138.14331,1.0],"velocity":[-14.373435,168.4372]},{"matrix":[0.99758106,-0.028548663,-0.0633794,0.0,0.029686572,0.99941325,0.017085213,0.0,0.06285445,-0.018925402,0.99784327,0.0,-0.089039326,95.587166,165.76552,1.0],"velocity":[-5.7977443,155.39577]},{"matrix":[0.9998221,-0.018709887,0.002386578,0.0,0.01876662,0.9994724,-0.026509155,0.0,-0.0018893355,0.026549228,0.9996457,0.0,0.191895,95.95428,0.742339,1.0],"velocity":[5.310855,-1.2394563]},{"matrix":[0.99969226,-0.024769554,0.0013450859,0.0,0.02479886,0.9992376,-0.030152787,0.0,-0.0005971894,0.030176863,0.9995444,0.0,0.95408547,95.84782,0.84897596,1.0],"velocity":[3.6137862,1.431091]},{"matrix":[0.999517,-0.031011848,-0.0019997663,0.0,0.030924423,0.9989254,-0.034521643,0.0,0.0030681973,0.03444313,0.9994019,0.0,1.4256698,95.49514,1.0462835,1.0],"velocity":[1.6782855,0.9568572]},{"matrix":[0.99944407,-0.033239335,-0.002580674,0.0,0.03312374,0.9987902,-0.036344964,0.0,0.003785634,0.036239278,0.99933594,0.0,1.5478115,95.073875,1.1669765,1.0],"velocity":[-0.050639097,0.31631553]},{"matrix":[0.999377,-0.035284434,0.00079921156,0.0,0.035289455,0.99866474,-0.03772765,0.0,0.00053305423,0.03773235,0.9992877,0.0,1.4745878,94.778786,1.1648812,1.0],"velocity":[-0.89254266,-0.06480088]},{"matrix":[0.9992775,-0.037913494,0.0026537296,0.0,0.03799279,0.9983438,-0.04319838,0.0,-0.0010115333,0.04326799,0.999063,0.0,1.2612287,94.6103,1.1984795,1.0],"velocity":[-1.808066,0.26399562]},{"matrix":[0.9993059,-0.03698855,0.004418044,0.0,0.037160322,0.9981166,-0.048809797,0.0,-0.002604319,0.048940092,0.9987983,0.0,0.89351386,94.48789,1.2380906,1.0],"velocity":[-2.598787,0.19817911]},{"matrix":[0.9993124,-0.036765054,0.0048043365,0.0,0.03696984,0.9978803,-0.053555492,0.0,-0.0028251822,0.053696286,0.99855334,0.0,0.40839458,94.37248,1.2258226,1.0],"velocity":[-3.3393533,-0.4396661]},{"matrix":[0.9993999,-0.034299742,0.004833449,0.0,0.03451654,0.9978396,-0.055898376,0.0,-0.0029057073,0.056031667,0.99842477,0.0,-0.19978762,94.3212,1.1249715,1.0],"velocity":[-4.001261,-0.7395454]},{"matrix":[0.99949247,-0.031554736,0.00437596,0.0,0.031740695,0.9981251,-0.052333638,0.0,-0.0027163818,0.05244597,0.9986201,0.0,-0.9073757,94.371025,0.955321,1.0],"velocity":[-4.5819297,-1.4695494]},{"matrix":[0.99968547,-0.024933148,0.0027011533,0.0,0.025033485,0.9985535,-0.047583405,0.0,-0.001510842,0.04763606,0.99886364,0.0,-1.7256562,94.56297,0.68952614,1.0],"velocity":[-5.1410556,-1.4187316]},{"matrix":[0.99979556,-0.019834293,-0.003933346,0.0,0.019641181,0.99882907,-0.044212263,0.0,0.004805659,0.04412597,0.99901444,0.0,-2.606775,94.79438,0.47845235,1.0],"velocity":[-5.53584,-1.1709379]},{"matrix":[0.9998697,-0.014999061,-0.0059639104,0.0,0.014754943,0.99912786,-0.03906161,0.0,0.0065445965,0.038968522,0.999219,0.0,-3.5719705,95.02674,0.31041738,1.0],"velocity":[-6.052688,-0.78166413]},{"matrix":[0.99994385,-0.009388236,-0.004909636,0.0,0.009193223,0.9992225,-0.038338836,0.0,0.0052657533,0.038291547,0.99925274,0.0,-4.6244035,95.222855,0.22995402,1.0],"velocity":[-6.5973015,0.1307971]},{"matrix":[0.9999767,0.00087374076,-0.0067728506,0.0,-0.0011349015,0.9992521,-0.038652536,0.0,0.0067340126,0.038659323,0.9992297,0.0,-5.7506886,95.53679,0.32320854,1.0],"velocity":[-6.878992,0.7773441]},{"matrix":[0.9998538,0.01272399,-0.011425774,0.0,-0.01315891,0.9991591,-0.038832862,0.0,0.010922057,0.038977537,0.9991804,0.0,-6.8996124,95.93733,0.50940853,1.0],"velocity":[-6.870152,1.7508253]},{"matrix":[0.9996236,0.024004696,-0.013283032,0.0,-0.02449431,0.99897695,-0.038014904,0.0,0.012356906,0.03832595,0.9991889,0.0,-8.028613,96.069595,0.80178094,1.0],"velocity":[-6.676522,1.3098933]},{"matrix":[0.9991245,0.036151394,-0.021055043,0.0,-0.0368973,0.99866366,-0.036186956,0.0,0.019718695,0.036932148,0.9991232,0.0,-9.113795,96.00152,0.96930856,1.0],"velocity":[-6.1728773,0.8575638]},{"matrix":[0.9986616,0.039973248,-0.032820977,0.0,-0.041188862,0.99845725,-0.037236933,0.0,0.03128186,0.03853895,0.9987673,0.0,-10.063565,95.81801,1.0672753,1.0],"velocity":[-5.111802,0.031978447]},{"matrix":[0.99866855,0.035246573,-0.03766629,0.0,-0.036615767,0.99866986,-0.036300987,0.0,0.036336705,0.037631832,0.9986308,0.0,-10.852571,95.41502,0.9875231,1.0],"velocity":[-4.297514,-0.8661431]},{"matrix":[0.9988666,0.028511796,-0.038111873,0.0,-0.029984873,0.9988026,-0.038655452,0.0,0.036964104,0.03975442,0.99852556,0.0,-11.495639,94.87442,0.87823313,1.0],"velocity":[-3.4869452,-0.51946914]},{"matrix":[0.9988467,0.023751426,-0.041726287,0.0,-0.025521088,0.9987746,-0.042403348,0.0,0.040668014,0.043419346,0.99822885,0.0,-11.655334,94.462906,0.7666414,1.0],"velocity":[1.7259635,-0.62308615]},{"matrix":[0.9989743,0.020181902,-0.040534355,0.0,-0.0219622,0.9987916,-0.043966673,0.0,0.03959804,0.0448118,0.9982104,0.0,-11.141207,94.71289,0.6860399,1.0],"velocity":[4.639285,-0.50884783]},{"matrix":[0.99920624,0.016820237,-0.036110166,0.0,-0.018059958,0.9992489,-0.03428447,0.0,0.03550637,0.0349094,0.99875957,0.0,-10.218413,95.04179,0.51744586,1.0],"velocity":[6.403242,-1.584689]},{"matrix":[0.9995177,0.015717607,-0.026783675,0.0,-0.016327731,0.99960864,-0.022715397,0.0,0.02641616,0.023141757,0.99938315,0.0,-9.05726,95.45281,0.2936599,1.0],"velocity":[7.4930987,-1.0202794]},{"matrix":[0.9997372,0.013085874,-0.018821076,0.0,-0.013382396,0.9997869,-0.01571611,0.0,0.018611405,0.015963852,0.99969935,0.0,-7.7862983,95.67283,0.14693987,1.0],"velocity":[7.60954,-0.7454247]},{"matrix":[0.9997417,0.009136492,-0.020810036,0.0,-0.009265631,0.99993837,-0.0061176578,0.0,0.02075286,0.0063088955,0.99976474,0.0,-6.539863,96.05621,0.04724758,1.0],"velocity":[7.436108,0.104577914]},{"matrix":[0.9996932,0.004298704,-0.024393642,0.0,-0.004295846,0.99999076,0.00016956328,0.0,0.024394145,-0.000064719934,0.9997024,0.0,-5.29859,96.165634,0.21110728,1.0],"velocity":[7.652712,1.6398278]},{"matrix":[0.9997852,-0.0042303833,-0.020288877,0.0,0.0042318976,0.99999106,0.000031682972,0.0,0.02028856,-0.00011753662,0.9997942,0.0,-3.9556212,96.33102,0.48542657,1.0],"velocity":[8.503806,1.2837332]},{"matrix":[0.9998533,-0.012471301,-0.011738596,0.0,0.01242181,0.9999137,-0.0042796377,0.0,0.0117909545,0.0041331956,0.9999219,0.0,-2.4399626,96.482574,0.5900162,1.0],"velocity":[9.925491,-0.20777765]},{"matrix":[0.99973965,-0.021905195,0.0063863965,0.0,0.021957312,0.9997252,-0.008208265,0.0,-0.006204838,0.0083463555,0.99994594,0.0,-0.6501968,96.47328,0.42613304,1.0],"velocity":[11.663947,-1.9117421]},{"matrix":[0.9992285,-0.029063387,0.02641477,0.0,0.029503169,0.9994299,-0.016414592,0.0,-0.025922649,0.017181246,0.9995163,0.0,1.3621526,96.198395,0.039306194,1.0],"velocity":[12.256078,-2.8533032]},{"matrix":[0.9982444,-0.038832415,0.044723377,0.0,0.039802853,0.99898654,-0.021016166,0.0,-0.04386194,0.02275939,0.99877834,0.0,3.3465495,95.805824,-0.48331037,1.0],"velocity":[11.16326,-3.1482587]},{"matrix":[0.99675775,-0.050817117,0.06238303,0.0,0.052647755,0.99821883,-0.028059745,0.0,-0.060845997,0.031253096,0.9976578,0.0,4.995743,95.15932,-0.9571457,1.0],"velocity":[7.9321995,-2.3593922]},{"matrix":[0.99546534,-0.055137545,0.07751511,0.0,0.057923168,0.9977365,-0.03415802,0.0,-0.07545626,0.038493045,0.99640584,0.0,5.9393945,94.72467,-1.2156558,1.0],"velocity":[2.6407287,-0.403668]},{"matrix":[0.9957113,-0.05101189,0.07717962,0.0,0.053652138,0.99802965,-0.032530114,0.0,-0.07536813,0.036531456,0.99648637,0.0,5.8614936,94.6502,-1.2012036,1.0],"velocity":[-4.100136,0.3857941]},{"matrix":[0.9968834,-0.040198863,0.06787855,0.0,0.04224538,0.9986867,-0.02898781,0.0,-0.06662413,0.03176502,0.9972724,0.0,4.7614746,95.11696,-1.0919453,1.0],"velocity":[-9.160841,0.99633855]},{"matrix":[0.997782,-0.029922167,0.059462592,0.0,0.031387087,0.9992226,-0.02385641,0.0,-0.05870253,0.025669852,0.9979454,0.0,2.993666,95.50407,-0.88055605,1.0],"velocity":[-12.035511,1.7295862]},{"matrix":[0.998194,-0.02000607,0.056644328,0.0,0.02121924,0.9995564,-0.020897469,0.0,-0.056201123,0.022061678,0.9981757,0.0,0.87001586,95.82354,-0.5579843,1.0],"velocity":[-13.242274,1.889904]},{"matrix":[0.9987233,-0.008019574,0.04987371,0.0,0.009141866,0.9997092,-0.022315426,0.0,-0.049680248,0.022742877,0.9985062,0.0,-1.3025906,95.94471,-0.24734253,1.0],"velocity":[-12.483353,2.0461986]},{"matrix":[0.9991209,0.004327553,0.041698184,0.0,-0.0034491855,0.9997711,-0.021113843,0.0,-0.041780014,0.020951457,0.99890715,0.0,-3.2093067,96.00872,0.107358366,1.0],"velocity":[-10.047526,1.7367257]},{"matrix":[0.9993825,0.016095152,0.031233747,0.0,-0.015508229,0.99970025,-0.018943474,0.0,-0.03152928,0.018447395,0.99933255,0.0,-4.7813377,96.19402,0.2664697,1.0],"velocity":[-8.643722,0.2913554]},{"matrix":[0.999404,0.021148792,0.02728223,0.0,-0.02059888,0.99958205,-0.020282477,0.0,-0.02769978,0.019708406,0.99942195,0.0,-6.1285615,96.26827,0.28012848,1.0],"velocity":[-7.53999,-0.3059946]},{"matrix":[0.99946576,0.024061438,0.022119284,0.0,-0.023558032,0.99946374,-0.02274435,0.0,-0.022654682,0.022211112,0.9994966,0.0,-7.2842975,96.1767,0.08920768,1.0],"velocity":[-6.171647,-2.0688186]},{"matrix":[0.9997136,0.021747999,0.009988349,0.0,-0.021488834,0.9994474,-0.025359802,0.0,-0.010534354,0.025137901,0.9996285,0.0,-8.230703,95.87952,-0.28505898,1.0],"velocity":[-5.103048,-2.2350152]},{"matrix":[0.99979794,0.017102133,-0.0105663175,0.0,-0.017395876,0.9994463,-0.028363373,0.0,0.010075393,0.028541453,0.9995418,0.0,-8.985498,95.7196,-0.5938035,1.0],"velocity":[-3.9213543,-1.2082539]},{"matrix":[0.9991442,0.014034145,-0.03890939,0.0,-0.015341524,0.9993207,-0.033508178,0.0,0.038412698,0.034076434,0.9986808,0.0,-9.579947,95.35098,-0.738928,1.0],"velocity":[-3.140711,-0.8488021]},{"matrix":[0.99806434,0.0154525675,-0.06023924,0.0,-0.017558537,0.9992474,-0.034588948,0.0,0.059659414,0.03557971,0.9975845,0.0,-10.035175,95.13212,-0.92295074,1.0],"velocity":[-2.2409947,-1.1324776]},{"matrix":[0.99715716,0.015032151,-0.073835105,0.0,-0.017517567,0.9992975,-0.033130247,0.0,0.07328522,0.034329478,0.99672,0.0,-10.314567,95.045074,-1.0416986,1.0],"velocity":[-1.0519772,0.041154996]},{"matrix":[0.99622303,0.01305166,-0.08584487,0.0,-0.015671965,0.9994294,-0.02992094,0.0,0.08540537,0.031153288,0.99585915,0.0,-10.375307,95.18607,-0.86171675,1.0],"velocity":[0.790256,2.267834]},{"matrix":[0.995268,0.011119913,-0.09652985,0.0,-0.013945319,0.9994924,-0.02864462,0.0,0.09616233,0.029855212,0.9949178,0.0,-10.086352,95.25083,-0.31926227,1.0],"velocity":[2.6918828,4.243356]},{"matrix":[0.994365,0.013085624,-0.10519993,0.0,-0.015954161,0.9995222,-0.02647234,0.0,0.104803264,0.028001545,0.99409866,0.0,-9.506413,95.54415,0.39477605,1.0],"velocity":[4.4588723,4.2033973]},{"matrix":[0.9948648,0.012388835,-0.10045141,0.0,-0.014723156,0.9996377,-0.022530323,0.0,0.10013589,0.02389359,0.99468684,0.0,-8.65755,95.80228,1.1137242,1.0],"velocity":[5.691663,4.371148]},{"matrix":[0.99548596,0.015061857,-0.09370628,0.0,-0.017483803,0.9995326,-0.025079036,0.0,0.09328474,0.02660417,0.99528396,0.0,-7.635567,96.260345,1.7661613,1.0],"velocity":[6.6632752,3.131277]},{"matrix":[0.9971108,0.013867448,-0.07468421,0.0,-0.01582168,0.99954605,-0.025638815,0.0,0.07429477,0.02674637,0.9968776,0.0,-6.45277,96.36414,2.1585753,1.0],"velocity":[7.3936515,1.5395715]},{"matrix":[0.9982609,0.015533432,-0.056866843,0.0,-0.016890105,0.99958223,-0.023454582,0.0,0.056478757,0.024374278,0.99810624,0.0,-5.2019296,96.444626,2.361801,1.0],"velocity":[7.8205934,0.8915914]},{"matrix":[0.9993922,0.0062576258,-0.034294106,0.0,-0.007127777,0.99965423,-0.02530998,0.0,0.034123868,0.025539037,0.99909127,0.0,-3.8588166,96.442444,2.3714259,1.0],"velocity":[8.034265,-1.1410533]},{"matrix":[0.9998986,-0.0016854933,-0.014139569,0.0,0.0013681283,0.9997476,-0.022424884,0.0,0.014173797,0.022403266,0.9996485,0.0,-2.5520875,96.2818,2.0549772,1.0],"velocity":[7.6266913,-2.5413673]},{"matrix":[0.99994344,-0.008094794,-0.0069018593,0.0,0.007938714,0.9997187,-0.022349468,0.0,0.0070808325,0.02229341,0.9997264,0.0,-1.3362608,96.15823,1.5600374,1.0],"velocity":[6.833982,-3.4473567]},{"matrix":[0.99989694,-0.014355652,0.00014665836,0.0,0.014354842,0.99958557,-0.024952551,0.0,0.00021161255,0.024952086,0.9996886,0.0,-0.26372147,96.049545,0.9423871,1.0],"velocity":[5.9359813,-4.0571823]},{"matrix":[0.99515766,-0.03580746,-0.09153729,0.0,0.012556749,0.9699655,-0.24291806,0.0,0.097486295,0.24059235,0.96571827,0.0,-0.399525,94.90331,-0.670374,1.0],"velocity":[2.0658176,69.76169]},{"matrix":[0.99506736,-0.08879175,-0.04423721,0.0,0.07894828,0.97883123,-0.1888294,0.0,0.06006726,0.18440552,0.981013,0.0,0.35326594,94.59497,11.355378,1.0],"velocity":[10.193618,86.09768]},{"matrix":[0.9957628,-0.06853035,0.06131836,0.0,0.0783378,0.98138785,-0.1753313,0.0,-0.04816158,0.17939192,0.98259807,0.0,2.429199,93.559875,28.953388,1.0],"velocity":[13.011888,110.046936]},{"matrix":[0.99233323,0.0015903749,0.123580754,0.0,0.026266038,0.9743612,-0.22345118,0.0,-0.12076765,0.224984,0.9668492,0.0,4.6012406,93.75998,42.91964,1.0],"velocity":[11.687962,73.37805]},{"matrix":[0.9958214,-0.03749103,0.08327172,0.0,0.056337804,0.969857,-0.23707277,0.0,-0.07187355,0.24077347,0.9679165,0.0,5.5633698,94.798676,54.196537,1.0],"velocity":[2.9234493,57.937305]},{"matrix":[0.9986136,-0.0018031336,0.052608307,0.0,0.0117610665,0.98179126,-0.18959859,0.0,-0.0513085,0.18995446,0.9804513,0.0,5.5327826,93.994,63.84029,1.0],"velocity":[-5.3197083,61.61216]},{"matrix":[0.9994912,0.018921755,-0.0256754,0.0,-0.022589654,0.9882671,-0.15105559,0.0,0.022515917,0.15155874,0.9881918,0.0,3.3113728,92.94364,75.416046,1.0],"velocity":[-18.228,78.699905]},{"matrix":[0.9968024,-0.044098303,-0.06663551,0.0,0.03317278,0.9870449,-0.15697776,0.0,0.0726947,0.15426533,0.98535156,0.0,0.19766521,93.334694,86.98146,1.0],"velocity":[-17.994362,51.29689]},{"matrix":[0.9928552,-0.0418878,-0.11173162,0.0,0.02141231,0.98370403,-0.17851593,0.0,0.11738849,0.17484803,0.97757256,0.0,-1.4615568,93.57403,93.88235,1.0],"velocity":[-3.1768808,36.898678]},{"matrix":[0.99667615,-0.008595586,-0.08101127,0.0,-0.005291464,0.9854877,-0.1696643,0.0,0.08129398,0.16952902,0.9821666,0.0,-1.1508541,94.7595,99.61264,1.0],"velocity":[9.754846,37.276783]},{"matrix":[0.99854904,-0.031408753,-0.043741427,0.0,0.023047285,0.9833967,-0.1799992,0.0,0.048668727,0.17872992,0.98269373,0.0,0.70051,95.56958,105.68572,1.0],"velocity":[12.203454,31.994295]},{"matrix":[0.99932295,-0.028910914,0.02275468,0.0,0.032237504,0.986121,-0.1628684,0.0,-0.017730195,0.16349168,0.9863854,0.0,2.8185825,96.640755,109.97506,1.0],"velocity":[10.474583,17.319143]},{"matrix":[0.99732447,-0.024646372,0.06882204,0.0,0.034405578,0.9889159,-0.14443536,0.0,-0.06449941,0.14641677,0.987118,0.0,4.247468,97.09663,111.95738,1.0],"velocity":[6.350686,6.211729]},{"matrix":[0.9953059,-0.03016537,0.09195754,0.0,0.041665394,0.9911771,-0.12582538,0.0,-0.08735064,0.1290662,0.9877812,0.0,4.992105,97.39925,112.137886,1.0],"velocity":[2.3384104,-2.6714556]},{"matrix":[0.9934447,-0.03068105,0.110119805,0.0,0.043292236,0.9925341,-0.11402538,0.0,-0.10579924,0.11804523,0.987356,0.0,5.193855,97.329735,111.52083,1.0],"velocity":[0.3327017,-5.9196815]},{"matrix":[0.9936871,-0.028505664,0.108505376,0.0,0.039440308,0.9942052,-0.100002855,0.0,-0.105025955,0.10365103,0.9890531,0.0,5.2129774,97.46115,110.474045,1.0],"velocity":[-0.123536505,-5.7489395]},{"matrix":[0.9950299,-0.02467155,0.09647176,0.0,0.03352999,0.9952579,-0.09130949,0.0,-0.09376153,0.09409037,0.99113864,0.0,5.2319503,97.53767,109.59296,1.0],"velocity":[0.36236992,-4.8938537]},{"matrix":[0.9957114,-0.02481347,0.08912415,0.0,0.033158846,0.9950751,-0.093413234,0.0,-0.08636732,0.095967874,0.9916304,0.0,5.2901073,97.623695,108.949486,1.0],"velocity":[0.41003364,-2.521312]},{"matrix":[0.9985447,0.025221365,0.047669817,0.0,-0.021536825,0.9968534,-0.076285586,0.0,-0.049443845,0.07514791,0.9959458,0.0,-0.243345,96.49354,0.265491,1.0],"velocity":[6.1549177,114.95633]},{"matrix":[0.993774,0.017969944,0.10995617,0.0,-0.014498991,0.9993735,-0.032285277,0.0,-0.11046744,0.030490015,0.99341196,0.0,-0.5079261,92.1447,21.194721,1.0],"velocity":[-17.197699,136.45972]},{"matrix":[0.993053,-0.0030608254,0.11762786,0.0,0.008384466,0.9989612,-0.044790182,0.0,-0.11736858,0.045465272,0.99204713,0.0,-5.72046,90.874306,45.42579,1.0],"velocity":[-38.97989,147.21616]},{"matrix":[0.95468783,0.02824784,0.29626548,0.0,-0.004515807,0.99674565,-0.08048433,0.0,-0.29757482,0.075499535,0.9517085,0.0,-11.285443,94.668976,67.27326,1.0],"velocity":[-30.948555,122.94372]},{"matrix":[0.89052826,0.031017419,0.45386934,0.0,-0.0051055206,0.99829155,-0.058205783,0.0,-0.4548993,0.049516656,0.88916516,0.0,-16.165691,95.10297,86.39072,1.0],"velocity":[-32.420235,112.11965]},{"matrix":[0.84646773,0.01060803,0.5323344,0.0,0.008357213,0.9994136,-0.033204548,0.0,-0.53237444,0.03255541,0.8458827,0.0,-22.263351,91.49338,107.566795,1.0],"velocity":[-40.92234,147.60936]},{"matrix":[0.79358953,0.0765062,0.6036244,0.0,-0.017941378,0.99457437,-0.10246937,0.0,-0.6081889,0.070488766,0.79065645,0.0,-29.275543,93.33674,130.30771,1.0],"velocity":[-45.25121,108.77438]},{"matrix":[0.7826111,0.028749008,0.62184674,0.0,0.026409898,0.9965003,-0.07930744,0.0,-0.62195045,0.078489795,0.77911294,0.0,-36.783,96.47438,146.33318,1.0],"velocity":[-48.066517,88.86481]},{"matrix":[0.99145544,0.06947268,-0.11040705,0.0,-0.07611684,0.99546003,-0.05714471,0.0,0.105935805,0.065060265,0.9922423,0.0,-0.170417,96.33266,0.305551,1.0],"velocity":[3.6166077,-22.660587]},{"matrix":[0.9774608,0.03904819,0.20747447,0.0,-0.031508196,0.9987217,-0.03952413,0.0,-0.2087526,0.03209614,0.97744167,0.0,2.2466419,96.649284,-3.8003712,1.0],"velocity":[21.721182,-25.326385]},{"matrix":[0.9101321,0.03126578,0.41313678,0.0,-0.010232983,0.9985407,-0.053025518,0.0,-0.41419178,0.044032607,0.9091239,0.0,4.6456065,96.719536,-7.534181,1.0],"velocity":[-1.268724,-20.712791]},{"matrix":[0.80804443,0.040539924,0.587725,0.0,0.012404093,0.9962376,-0.08577218,0.0,-0.58899087,0.07659794,0.8045014,0.0,4.097761,96.09832,-10.580817,1.0],"velocity":[1.2453785,-3.5722592]},{"matrix":[0.5247538,0.07010919,0.848362,0.0,0.0324238,0.99423325,-0.1022198,0.0,-0.8506363,0.08114735,0.5194545,0.0,3.7794273,96.78101,-7.527658,1.0],"velocity":[-25.171965,52.573483]},{"matrix":[0.15661788,0.07031013,0.9851535,0.0,0.05443427,0.9953323,-0.07969046,0.0,-0.9861581,0.066107064,0.15205956,0.0,0.09520221,96.402145,-1.1216836,1.0],"velocity":[-9.146638,18.44381]},{"matrix":[-0.024253488,0.05917774,0.9979529,0.0,0.043301545,0.99737173,-0.058090918,0.0,-0.9987677,0.041803993,-0.026752234,0.0,1.1493398,96.244576,0.36016476,1.0],"velocity":[25.076265,13.8599615]}],"offsets":[0,7,25,32,39,47,54,61,68,128,146,154,161],"config":{"interval_time":0.1667,"num_points":7}},"pose_data":{"poses":[[0.00073,95.938324,0.333576,-2.261779,0.325801,0.520686,1.790601,1.284585,-0.486003,3.579681,2.533178,-0.67365,3.579682,2.533181,-0.67365,-0.813615,-0.452687,0.065522,-0.813607,-0.452686,0.065522,0.0,-0.0,0.0,0.662918,-2.643743,-20.148819,-3.94786,2.327079,-62.26262,16.63153,-11.938839,3.788277,-0.0,0.0,0.000001,0.442775,8.235285,13.151834,-0.624808,8.808431,59.46995,19.131647,19.317122,-6.825245,-0.000002,0.000001,0.000001,-9.03009,2.06908,-5.577825,21.905188,6.559751,0.333928,-12.745882,-0.379706,3.755011,3.382028,-0.000002,0.0,0.0,-0.000001,-0.0,-19.037237,-6.295498,1.200361,61.481552,-19.86478,-1.061062,1.559532,0.140058,-5.339576,-20.69628,-4.803182,15.596223,-0.0,0.000002,-0.0],[-0.048049,96.0126,1.997051,-1.569151,0.910825,-0.006298,1.700636,1.131411,-0.390675,3.399178,2.244558,-0.519309,3.399178,2.244557,-0.519309,-0.934372,-0.597343,0.143515,-0.934377,-0.597342,0.143515,-0.0,0.0,-0.0,0.635113,-2.874596,-19.911718,-4.197922,2.062423,-62.171337,17.00207,-11.809044,3.839729,-0.000001,0.0,-0.0,0.445944,7.558383,13.379097,0.722456,8.458784,59.983814,20.046549,18.84233,-6.999882,0.000003,0.000001,-0.000001,-8.524272,2.490203,-4.88728,21.728827,5.404505,0.340762,-13.295168,-0.393295,4.011504,3.212369,0.000011,-0.000002,-0.0,-0.0,-0.0,-21.755524,-5.739306,2.440415,57.94873,-19.31885,-0.955588,0.072011,0.226217,-5.905912,-20.972809,-4.322824,13.210828,0.000001,0.000002,0.0],[-0.086403,96.033745,3.671187,-0.762121,1.364647,-0.514041,1.597352,0.995599,-0.296065,3.192423,1.986986,-0.372423,3.19242,1.986987,-0.372422,-1.104754,-0.746836,0.211334,-1.104752,-0.746837,0.211334,-0.0,-0.0,0.0,0.618812,-3.005144,-19.727224,-4.385742,1.735774,-62.068443,16.935814,-11.698583,3.790446,-0.0,0.0,-0.0,0.453581,6.864988,13.602411,2.120183,7.957508,60.492104,20.878065,18.418882,-7.158948,-0.0,0.0,0.0,-8.247759,2.881927,-4.252903,21.707735,4.348093,0.343309,-13.65846,-0.46338,4.465901,2.397775,0.009574,0.138501,0.0,0.0,-0.0,-24.415255,-5.166954,3.577363,54.12929,-18.3627,-0.901486,-2.110378,0.350384,-6.437219,-16.21144,-2.773227,10.987023,-0.000001,0.000001,-0.0],[-0.121886,96.01182,5.352501,0.090375,1.681644,-0.945721,1.488491,0.874394,-0.210183,2.974933,1.753448,-0.248717,2.974933,1.753449,-0.248717,-1.292171,-0.898794,0.259339,-1.292164,-0.898791,0.259338,-0.0,0.0,-0.0,0.608329,-3.082254,-19.568214,-4.538645,1.374254,-61.95954,16.62826,-11.59949,3.687024,-0.000001,0.0,0.0,0.465901,6.171642,13.815261,3.536977,7.376983,61.034084,21.68059,18.014454,-7.308833,0.000003,0.000002,-0.0,-8.076605,3.17339,-3.747341,21.817274,3.411247,0.341973,-14.091821,-0.562802,5.08908,0.915751,0.021452,-1.329992,-0.0,0.0,-0.0,-26.46943,-4.589342,4.540087,48.73159,-16.556318,-0.867186,-2.849874,0.448496,-7.401322,-11.01667,-1.588401,9