{"joints":[{"name":"Model_Hips","offset":[0.0,96.91508,0.0],"parent_index":null,"pose_refs":[{"pose_index":0,"data_type":"PositionX"},{"pose_index":1,"data_type":"PositionY"},{"pose_index":2,"data_type":"PositionZ"},{"pose_index":3,"data_type":"RotationX"},{"pose_index":4,"data_type":"RotationY"},{"pose_index":5,"data_type":"RotationZ"}]},{"name":"Model_Spine","offset":[0.0,11.137703,-1.2899],"parent_index":0,"pose_refs":[{"pose_index":6,"data_type":"RotationX"},{"pose_index":7,"data_type":"RotationY"},{"pose_index":8,"data_type":"RotationZ"}]},{"name":"Model_Spine1","offset":[0.0,12.993942,-1.504922],"parent_index":1,"pose_refs":[{"pose_index":9,"data_type":"RotationX"},{"pose_index":10,"data_type":"RotationY"},{"pose_index":11,"data_type":"RotationZ"}]},{"name":"Model_Spine2","offset":[0.0,14.85022,-1.719911],"parent_index":2,"pose_refs":[{"pose_index":12,"data_type":"RotationX"},{"pose_index":13,"data_type":"RotationY"},{"pose_index":14,"data_type":"RotationZ"}]},{"name":"Model_Neck","offset":[0.0,16.706543,-1.934903],"parent_index":3,"pose_refs":[{"pose_index":15,"data_type":"RotationX"},{"pose_index":16,"data_type":"RotationY"},{"pose_index":17,"data_type":"RotationZ"}]},{"name":"Model_Head","offset":[0.0,10.471298,2.0021],"parent_index":4,"pose_refs":[{"pose_index":18,"data_type":"RotationX"},{"pose_index":19,"data_type":"RotationY"},{"pose_index":20,"data_type":"RotationZ"}]},{"name":"Model_HeadTop_End","offset":[0.0,20.842606,3.9851],"parent_index":5,"pose_refs":[{"pose_index":21,"data_type":"RotationX"},{"pose_index":22,"data_type":"RotationY"},{"pose_index":23,"data_type":"RotationZ"}]},{"name":"Model_LeftShoulder","offset":[7.0085,14.7686,-1.919946],"parent_index":3,"pose_refs":[{"pose_index":24,"data_type":"RotationX"},{"pose_index":25,"data_type":"RotationY"},{"pose_index":26,"data_type":"RotationZ"}]},{"name":"Model_LeftArm","offset":[14.126271,-3.718048,0.029937],"parent_index":7,"pose_refs":[{"pose_index":27,"data_type":"RotationX"},{"pose_index":28,"data_type":"RotationY"},{"pose_index":29,"data_type":"RotationZ"}]},{"name":"Model_LeftForeArm","offset":[28.2828,0.0,0.0],"parent_index":8,"pose_refs":[{"pose_index":30,"data_type":"RotationX"},{"pose_index":31,"data_type":"RotationY"},{"pose_index":32,"data_type":"RotationZ"}]},{"name":"Model_LeftHand","offset":[26.204689,0.0,0.0],"parent_index":9,"pose_refs":[{"pose_index":33,"data_type":"RotationX"},{"pose_index":34,"data_type":"RotationY"},{"pose_index":35,"data_type":"RotationZ"}]},{"name":"Model_RightShoulder","offset":[-7.0085,14.768555,-1.94984],"parent_index":3,"pose_refs":[{"pose_index":36,"data_type":"RotationX"},{"pose_index":37,"data_type":"RotationY"},{"pose_index":38,"data_type":"RotationZ"}]},{"name":"Model_RightArm","offset":[-14.126281,-3.718018,-0.029932],"parent_index":11,"pose_refs":[{"pose_index":39,"data_type":"RotationX"},{"pose_index":40,"data_type":"RotationY"},{"pose_index":41,"data_type":"RotationZ"}]},{"name":"Model_RightForeArm","offset":[-28.283798,0.0,-0.000001],"parent_index":12,"pose_refs":[{"pose_index":42,"data_type":"RotationX"},{"pose_index":43,"data_type":"RotationY"},{"pose_index":44,"data_type":"RotationZ"}]},{"name":"Model_RightHand","offset":[-26.204193,0.0,-0.000001],"parent_index":13,"pose_refs":[{"pose_index":45,"data_type":"RotationX"},{"pose_index":46,"data_type":"RotationY"},{"pose_index":47,"data_type":"RotationZ"}]},{"name":"Model_LeftUpLeg","offset":[8.3277,-6.193199,-0.4028],"parent_index":0,"pose_refs":[{"pose_index":48,"data_type":"RotationX"},{"pose_index":49,"data_type":"RotationY"},{"pose_index":50,"data_type":"RotationZ"}]},{"name":"Model_LeftLeg","offset":[0.735802,-42.10874,-0.610721],"parent_index":15,"pose_refs":[{"pose_index":51,"data_type":"RotationX"},{"pose_index":52,"data_type":"RotationY"},{"pose_index":53,"data_type":"RotationZ"}]},{"name":"Model_LeftFoot","offset":[-0.735806,-36.833748,-0.172876],"parent_index":16,"pose_refs":[{"pose_index":54,"data_type":"RotationX"},{"pose_index":55,"data_type":"RotationY"},{"pose_index":56,"data_type":"RotationZ"}]},{"name":"Model_LeftToeBase","offset":[-0.565857,-11.977769,16.297714],"parent_index":17,"pose_refs":[{"pose_index":57,"data_type":"RotationX"},{"pose_index":58,"data_type":"RotationY"},{"pose_index":59,"data_type":"RotationZ"}]},{"name":"Model_LeftToe_End","offset":[-0.111712,-0.312793,7.857784],"parent_index":18,"pose_refs":[{"pose_index":60,"data_type":"RotationX"},{"pose_index":61,"data_type":"RotationY"},{"pose_index":62,"data_type":"RotationZ"}]},{"name":"Model_RightUpLeg","offset":[-8.3277,-6.193199,-0.5165],"parent_index":0,"pose_refs":[{"pose_index":63,"data_type":"RotationX"},{"pose_index":64,"data_type":"RotationY"},{"pose_index":65,"data_type":"RotationZ"}]},{"name":"Model_RightLeg","offset":[-0.735785,-42.108738,-0.434061],"parent_index":20,"pose_refs":[{"pose_index":66,"data_type":"RotationX"},{"pose_index":67,"data_type":"RotationY"},{"pose_index":68,"data_type":"RotationZ"}]},{"name":"Model_RightFoot","offset":[0.735776,-36.833748,-0.02163],"parent_index":21,"pose_refs":[{"pose_index":69,"data_type":"RotationX"},{"pose_index":70,"data_type":"RotationY"},{"pose_index":71,"data_type":"RotationZ"}]},{"name":"Model_RightToeBase","offset":[0.565817,-11.977745,15.903093],"parent_index":22,"pose_refs":[{"pose_index":72,"data_type":"RotationX"},{"pose_index":73,"data_type":"RotationY"},{"pose_index":74,"data_type":"RotationZ"}]},{"name":"Model_RightToe_End","offset":[0.111702,-0.312791,7.811342],"parent_index":23,"pose_refs":[{"pose_index":75,"data_type":"RotationX"},{"pose_index":76,"data_type":"RotationY"},{"pose_index":77,"data_type":"RotationZ"}]}],"trajectories":{"matrices":[[0.9817232,0.052647598,-0.1828873,0.0,-0.07431095,0.9907329,-0.11369341,0.0,0.1752068,0.125206,0.97653776,0.0,-0.233976,96.08345,5.030849,1.0],[0.9894513,0.073844716,-0.12463213,0.0,-0.083244175,0.9939269,-0.0719702,0.0,0.118560605,0.08158591,0.9895894,0.0,1.8134732,95.75183,17.562225,1.0],[0.9936915,0.10769661,-0.031282976,0.0,-0.110480934,0.9879821,-0.1080987,0.0,0.019265158,0.11087294,0.9936479,0.0,5.8732414,93.9705,33.440533,1.0],[0.9829136,0.16587655,0.07978567,0.0,-0.15179543,0.97564393,-0.15835734,0.0,-0.104110174,0.14354049,0.98415303,0.0,10.257329,94.17047,47.400993,1.0],[0.99614584,0.086788364,0.012699042,0.0,-0.08464173,0.9891167,-0.12034897,0.0,-0.023005728,0.11881026,0.99265045,0.0,11.820457,95.72793,58.14273,1.0],[0.99046713,0.10736999,-0.08629362,0.0,-0.11407919,0.9904843,-0.07698604,0.0,0.07720649,0.08609644,0.9932908,0.0,11.166791,95.099815,70.055275,1.0],[0.98412687,0.048366114,-0.17074838,0.0,-0.064281076,0.9939604,-0.08894218,0.0,0.16541535,0.09850628,0.9812921,0.0,8.602034,94.494194,85.938484,1.0],[0.9705385,0.0035220282,-0.2409204,0.0,-0.031121254,0.99334985,-0.110848926,0.0,0.23892784,0.1150809,0.9641939,0.0,5.4838037,95.48135,99.26481,1.0],[0.9773158,0.07113611,-0.19948314,0.0,-0.092136644,0.9909082,-0.098039605,0.0,0.19069533,0.114195354,0.97498447,0.0,4.9936576,97.268394,110.42181,1.0],[0.9863225,0.04145397,-0.1595289,0.0,-0.050642338,0.99725765,-0.053967584,0.0,0.15685426,0.061308358,0.985717,0.0,6.27264,96.14919,122.6491,1.0],[0.99305725,0.08729449,-0.07884783,0.0,-0.09408727,0.9917559,-0.08699323,0.0,0.07060378,0.09380783,0.99308366,0.0,9.681278,95.197136,139.0723,1.0],[0.9878306,0.11073591,-0.10921694,0.0,-0.12265889,0.9864146,-0.10927501,0.0,0.09563252,0.12134163,0.98799324,0.0,14.210332,94.78515,153.02126,1.0],[0.97140026,-0.00061678886,-0.23744716,0.0,-0.016763175,0.9973234,-0.07116906,0.0,0.23685549,0.07311401,0.9687899,0.0,16.279516,95.6696,164.13013,1.0],[0.9131608,0.03349842,-0.40622056,0.0,-0.04401049,0.9988938,-0.016560692,0.0,0.40521646,0.033000544,0.913625,0.0,17.797913,95.27774,175.59096,1.0],[0.788333,-0.0031130537,-0.615241,0.0,-0.031769987,0.9984471,-0.045760203,0.0,0.6144281,0.055620473,0.7870099,0.0,20.168257,94.88077,190.03026,1.0],[0.57195014,-0.01651942,-0.82012206,0.0,-0.07106901,0.9950398,-0.069606,0.0,0.81720394,0.09809642,0.56793916,0.0,22.483446,95.05749,201.72217,1.0],[0.44777924,0.06518224,-0.8917651,0.0,-0.102002084,0.9945523,0.021477321,0.0,0.888307,0.081344806,0.45198858,0.0,26.815815,95.56294,210.25032,1.0],[0.39497364,0.04670189,-0.91750455,0.0,-0.040627006,0.99861795,0.033341244,0.0,0.91779363,0.024106555,0.39632517,0.0,35.039944,94.70843,216.96681,1.0],[0.38400263,0.08383192,-0.91951853,0.0,-0.073479146,0.9954859,0.060071997,0.0,0.92040366,0.044497624,0.3884291,0.0,48.171402,94.11641,222.95145,1.0],[0.34304523,0.115900174,-0.9321412,0.0,-0.12646961,0.9890217,0.076429404,0.0,0.9307661,0.09166878,0.35393703,0.0,60.120438,94.06124,226.76839,1.0],[0.15620244,0.05923965,-0.9859471,0.0,-0.077092536,0.9958859,0.04762313,0.0,0.98471195,0.06857029,0.16012675,0.0,70.71236,96.34888,230.96005,1.0],[0.020071268,0.09323605,-0.99544173,0.0,-0.079941414,0.99260414,0.09135841,0.0,0.99659747,0.07774334,0.027376235,0.0,83.957726,95.9201,236.50087,1.0],[-0.07396078,-0.01307046,-0.99717563,0.0,-0.12011847,0.99275106,-0.004103273,0.0,0.9900008,0.119475715,-0.07499468,0.0,99.93095,95.89138,242.15309,1.0],[-0.09366357,0.02641271,-0.9952535,0.0,-0.14466059,0.98867846,0.039852258,0.0,0.98503834,0.14770666,-0.08878219,0.0,111.63094,96.754395,244.45744,1.0],[-0.11456382,0.056891467,-0.9917855,0.0,-0.094690606,0.9931878,0.067909874,0.0,0.9888928,0.10169279,-0.10839629,0.0,122.5307,95.4604,243.28343,1.0],[-0.090509295,0.047753632,-0.9947501,0.0,-0.0953746,0.9938431,0.05638794,0.0,0.99131817,0.099977516,-0.0853976,0.0,135.83322,93.51628,239.69405,1.0],[-0.100922346,0.10334125,-0.9895127,0.0,-0.11419347,0.98681426,0.114706255,0.0,0.98831904,0.1245723,-0.08779073,0.0,150.51132,94.55773,233.09785,1.0],[-0.20836115,0.083629824,-0.97447,0.0,-0.110050164,0.9880057,0.108322404,0.0,0.97184086,0.12981077,-0.19665849,0.0,161.30511,95.88218,228.11351,1.0],[-0.36310673,0.06305439,-0.9296116,0.0,-0.045987584,0.9952788,0.08547129,0.0,0.930612,0.07378578,-0.35849273,0.0,170.97604,95.84482,224.85034,1.0],[-0.4954375,0.061768822,-0.8664449,0.0,-0.028200798,0.99579895,0.08711583,0.0,0.86818594,0.06759486,-0.4916141,0.0,182.67519,95.00277,220.79707,1.0],[-0.69156635,0.0030732248,-0.72230643,0.0,-0.04032232,0.99826735,0.042853642,0.0,0.7211866,0.058761206,-0.6902442,0.0,194.0636,95.161446,216.97508,1.0],[-0.80056643,0.050814047,-0.59708583,0.0,0.0040349048,0.9968328,0.079423934,0.0,0.5992305,0.061174944,-0.7982359,0.0,202.06638,96.09655,213.14163,1.0],[-0.8580812,0.06435109,-0.5094662,0.0,0.044195764,0.9976904,0.051581267,0.0,0.51160884,0.021744665,-0.85894346,0.0,208.06305,96.24535,206.20499,1.0],[-0.877743,0.03777562,-0.4776401,0.0,0.011068548,0.9982198,0.05860695,0.0,0.47900373,0.04615506,-0.8765986,0.0,212.98125,94.35397,193.92703,1.0],[-0.90068257,0.07974111,-0.42709774,0.0,0.043977335,0.9946969,0.09297316,0.0,0.43224657,0.06495668,-0.899413,0.0,215.67285,94.41887,179.805,1.0],[-0.96197367,0.0484392,-0.26881266,0.0,0.025462773,0.9957673,0.08831301,0.0,0.27195263,0.078110084,-0.9591353,0.0,218.15776,95.715546,168.58818,1.0],[-0.9868994,0.05816736,-0.15048698,0.0,0.048379697,0.996518,0.06790578,0.0,0.1539129,0.059735656,-0.9862772,0.0,221.34393,95.54577,157.18698,1.0],[-0.996174,0.08176856,-0.030844584,0.0,0.0783135,0.9918802,0.10020357,0.0,0.038787633,0.097404644,-0.99448884,0.0,225.59164,94.24169,141.82553,1.0],[-0.9933474,0.004254042,0.11507784,0.0,0.017077625,0.99370944,0.110679284,0.0,-0.11388309,0.11190823,-0.9871713,0.0,230.1497,95.07076,127.07618,1.0],[-0.9952009,0.068177275,0.07019444,0.0,0.075885825,0.9906068,0.113752,0.0,-0.061779782,0.118532844,-0.9910264,0.0,232.85297,96.69502,115.61591,1.0],[-0.99754834,0.069963284,-0.0015432842,0.0,0.06971062,0.9953966,0.06577257,0.0,0.006137845,0.06550374,-0.9978335,0.0,233.37029,96.61006,104.408485,1.0],[-0.9894415,0.04835277,-0.13662988,0.0,0.035871834,0.9950776,0.09237861,0.0,0.1404241,0.08650205,-0.9863056,0.0,232.34178,94.75096,89.33216,1.0],[-0.96412504,0.120121695,-0.2367153,0.0,0.08760815,0.9857776,0.14341314,0.0,0.25057566,0.11752997,-0.9609364,0.0,229.66989,94.4016,72.992775,1.0],[-0.97789395,0.07920918,-0.19351776,0.0,0.047184095,0.98519456,0.16481899,0.0,0.20370783,0.15204455,-0.9671533,0.0,228.55545,95.695946,60.402866,1.0],[-0.99403536,0.055407144,-0.09393449,0.0,0.044799976,0.992755,0.11149218,0.0,0.099431396,0.1066189,-0.98931587,0.0,229.26622,95.898186,48.722855,1.0],[-0.99457526,0.07976743,0.06676476,0.0,0.08614134,0.99137443,0.09877431,0.0,-0.0583099,0.10398967,-0.9928677,0.0,231.23338,93.86471,33.790367,1.0],[-0.97838247,0.0017357673,0.206797,0.0,0.027260363,0.9923216,0.12064304,0.0,-0.20499972,0.12367239,-0.97091734,0.0,234.42308,94.49856,16.902494,1.0],[-0.98063946,0.04810726,0.18982123,0.0,0.0732565,0.9890932,0.12778154,0.0,-0.18160366,0.13921326,-0.97346795,0.0,235.80869,96.28468,3.3088765,1.0],[-0.9913404,0.07113564,0.11038044,0.0,0.08029355,0.9934856,0.0808658,0.0,-0.10390894,0.08902837,-0.99059415,0.0,234.88719,96.01023,-9.260857,1.0],[-0.9964596,0.07860022,-0.029839009,0.0,0.07510919,0.9917255,0.10411116,0.0,0.037775263,0.10150137,-0.994118,0.0,231.39915,94.32383,-25.616503,1.0],[-0.97351813,0.15902059,-0.16424018,0.0,0.13320123,0.9784442,0.15781125,0.0,0.1857951,0.13175511,-0.97371495,0.0,226.69981,94.22525,-42.086723,1.0],[-0.9901875,0.07796862,-0.115972534,0.0,0.062155936,0.9890013,0.1342131,0.0,0.1251614,0.12568776,-0.9841429,0.0,224.83807,95.60255,-54.645393,1.0],[-0.99509466,0.07559516,-0.06381548,0.0,0.0704759,0.9943817,0.07898199,0.0,0.0694276,0.07409709,-0.99483156,0.0,225.42262,95.18031,-67.23216,1.0],[-0.9991312,0.038662333,0.015561964,0.0,0.039757337,0.9961909,0.07760788,0.0,-0.012502186,0.078159146,-0.99686253,0.0,227.9501,94.062645,-83.73377,1.0],[-0.98708785,-0.016556978,0.15932326,0.0,-0.0025667725,0.99615085,0.08761821,0.0,-0.16016068,0.086077906,-0.98333085,0.0,230.8414,94.72036,-99.09939,1.0],[-0.9835757,0.05462621,0.17203122,0.0,0.070413604,0.99371284,0.087044366,0.0,-0.16619474,0.097728066,-0.98123825,0.0,230.8356,96.95092,-111.34747,1.0],[-0.9920471,0.044523146,0.117730506,0.0,0.051364902,0.99712366,0.05573166,0.0,-0.11491052,0.061335646,-0.9914806,0.0,227.92586,95.97828,-124.69321,1.0],[-0.99321187,0.10799046,0.04322826,0.0,0.112213984,0.98740286,0.11155079,0.0,-0.030637287,0.115644366,-0.99281824,0.0,222.33537,95.03324,-141.28143,1.0],[-0.99346864,0.11233253,-0.02004836,0.0,0.108365245,0.9838311,0.14259493,0.0,0.035742246,0.13949102,-0.98957837,0.0,217.35287,95.41397,-154.40807,1.0],[-0.9944955,0.055103824,0.08911857,0.0,0.064555205,0.99217105,0.10690755,0.0,-0.08252986,0.112072155,-0.9902669,0.0,215.56839,96.393715,-165.51561,1.0],[-0.9678297,0.07673639,0.23961896,0.0,0.0968864,0.9925808,0.07346023,0.0,-0.23220411,0.09431281,-0.968084,0.0,215.48877,95.26507,-178.25246,1.0],[-0.9201516,0.01719656,0.39118454,0.0,0.05957207,0.9935535,0.0964497,0.0,-0.38700417,0.11205202,-0.91524434,0.0,216.0238,94.82936,-193.48685,1.0],[-0.82353055,0.012201529,0.567141,0.0,0.071211025,0.99408364,0.082016826,0.0,-0.56278485,0.107930034,-0.81952703,0.0,216.2749,96.07203,-203.9538,1.0],[-0.73071826,0.048388325,0.6809622,0.0,0.06206707,0.9980626,-0.004318949,0.0,-0.6798519,0.039109394,-0.7323059,0.0,213.72539,97.13125,-212.1458,1.0],[-0.65157044,0.0035179518,0.75858015,0.0,-0.001052727,0.9999841,-0.0055416976,0.0,-0.75858754,-0.0044093835,-0.6515564,0.0,206.60118,95.98409,-220.08871,1.0],[-0.60749125,0.04898694,0.79281455,0.0,0.050850727,0.9984476,-0.022728553,0.0,-0.79269725,0.0265078,-0.6090392,0.0,194.73325,95.10263,-227.82686,1.0],[-0.52425325,0.07396075,0.84834445,0.0,0.09273583,0.9952548,-0.029460603,0.0,-0.8464978,0.06322711,-0.5286244,0.0,183.93507,94.586075,-233.03326,1.0],[-0.3395468,0.049199887,0.9393016,0.0,0.09292974,0.99549985,-0.018550474,0.0,-0.93598723,0.0809903,-0.34259093,0.0,174.42009,95.67709,-238.2025,1.0],[-0.16965795,0.07262038,0.9828237,0.0,0.09383185,0.993941,-0.05724431,0.0,-0.98102593,0.08250823,-0.175444,0.0,162.96548,94.17042,-244.15959,1.0],[-0.027626872,-0.0024286062,0.9996155,0.0,0.12845957,0.99169683,0.005959656,0.0,-0.99132997,0.1285748,-0.027085423,0.0,150.61424,94.308495,-250.99194,1.0],[0.036619425,0.024226248,0.9990357,0.0,0.140059,0.98971444,-0.02913405,0.0,-0.98946583,0.1409908,0.03284967,0.0,141.06691,96.33782,-255.49908,1.0],[0.032521725,0.047266044,0.99835277,0.0,0.089503475,0.9947302,-0.050010152,0.0,-0.9954554,0.09098246,0.028119862,0.0,131.60246,96.586754,-256.7386,1.0],[-0.032699347,0.030574381,0.99899757,0.0,0.09770064,0.9948427,-0.027249284,0.0,-0.9946786,0.096711665,-0.03551781,0.0,118.963715,95.50635,-255.21846,1.0],[-0.10073602,0.09844069,0.9900311,0.0,0.100053295,0.9910507,-0.088361606,0.0,-0.9898695,0.09015468,-0.10968387,0.0,104.23292,95.333084,-250.81291,1.0],[-0.116062164,0.09437618,0.9887482,0.0,0.12812752,0.98858064,-0.07932024,0.0,-0.9849433,0.11747977,-0.12682903,0.0,93.080925,95.8423,-247.31117,1.0],[-0.04043269,0.04838797,0.99801004,0.0,0.101575434,0.9938512,-0.04407119,0.0,-0.9940059,0.09959138,-0.04509902,0.0,83.357285,96.452354,-246.08621,1.0],[0.07523137,0.06937793,0.99474967,0.0,0.09448561,0.99259233,-0.07637327,0.0,-0.9926796,0.09973519,0.06811887,0.0,71.20229,94.91478,-245.77432,1.0],[0.25178325,0.017092776,0.9676327,0.0,0.114062265,0.9923513,-0.04720904,0.0,-0.96103853,0.12225683,0.24790776,0.0,56.098225,94.87875,-245.91412,1.0],[0.39675182,0.0062701963,0.9179045,0.0,0.10396378,0.9932353,-0.051721714,0.0,-0.9120195,0.115949504,0.39341605,0.0,45.700672,95.92626,-245.97641,1.0],[0.40374488,0.0640336,0.912628,0.0,0.04462,0.9949822,-0.08955171,0.0,-0.9137829,0.07687751,0.39886177,0.0,37.555794,97.18216,-244.00864,1.0],[0.42278117,0.008179663,0.9061949,0.0,0.04247611,0.99868137,-0.02883152,0.0,-0.9052359,0.050681055,0.42187625,0.0,28.960789,96.02199,-239.7598,1.0],[0.41938108,0.043655846,0.90676004,0.0,0.04838567,0.9963483,-0.07034768,0.0,-0.90651995,0.07337667,0.41573733,0.0,19.336308,95.54628,-232.62813,1.0],[0.48866618,0.07216121,0.8694816,0.0,0.032033876,0.9944178,-0.10053379,0.0,-0.8718826,0.07698033,0.48362672,0.0,12.758114,94.84157,-225.63232,1.0],[0.67245793,0.023328908,0.7397676,0.0,0.029602103,0.99785566,-0.058376513,0.0,-0.73954314,0.061154425,0.6703254,0.0,7.124992,96.14356,-220.89407,1.0],[0.828701,0.046119295,0.5577882,0.0,-0.02272649,0.99855006,-0.048798025,0.0,-0.55923,0.027762406,0.8285476,0.0,0.371428,96.07905,-215.293,1.0],[0.9510645,0.012885204,0.3087235,0.0,0.0061004385,0.9981524,-0.060453158,0.0,-0.30893207,0.059378203,0.94922876,0.0,-7.8168044,95.98265,-207.851,1.0],[0.9981869,-0.0020954434,0.06015483,0.0,0.006975795,0.9966868,-0.081034996,0.0,-0.05978572,0.0813077,0.9948943,0.0,-14.578304,95.87649,-202.06068,1.0],[0.99808854,0.05819394,-0.02080283,0.0,-0.05962066,0.99530566,-0.07623688,0.0,0.016268648,0.07733143,0.9968727,0.0,-18.054567,96.75448,-196.29762,1.0],[0.9973428,0.05877166,-0.043048684,0.0,-0.06093167,0.9968529,-0.05071163,0.0,0.0399328,0.05319991,0.9977851,0.0,-18.217493,96.32264,-189.14896,1.0],[0.99869263,0.044972688,0.024299163,0.0,-0.043224007,0.996732,-0.06824193,0.0,-0.02728878,0.06710241,0.99737287,0.0,-15.180064,94.96782,-178.29881,1.0],[0.9926513,0.09831027,0.070558995,0.0,-0.09283442,0.9926925,-0.07709369,0.0,-0.07762249,0.06997685,0.994524,0.0,-9.346569,95.05974,-166.63283,1.0],[0.9929598,0.10025403,0.06308708,0.0,-0.09357306,0.9904579,-0.10117929,0.0,-0.07262873,0.09456371,0.9928659,0.0,-6.284821,94.97234,-158.04051,1.0],[0.998058,0.057580207,0.023764152,0.0,-0.055557262,0.99536914,-0.07844554,0.0,-0.028171014,0.07697293,0.99663514,0.0,-5.125639,95.29789,-149.45793,1.0],[0.9946955,0.0863809,-0.055850625,0.0,-0.08892152,0.99503404,-0.0447245,0.0,0.051709928,0.04945358,0.99743694,0.0,-4.704972,94.127464,-137.49648,1.0],[0.98400205,0.028911265,-0.17579567,0.0,-0.0437315,0.99575245,-0.081022605,0.0,0.17270651,0.08741422,0.98108673,0.0,-5.383471,93.98841,-121.84112,1.0],[0.9600742,0.014855511,-0.2793508,0.0,-0.044635653,0.99393046,-0.10054812,0.0,0.27616158,0.109002665,0.95491004,0.0,-6.799444,94.941864,-108.8556,1.0],[0.98262906,0.065333076,-0.17370015,0.0,-0.08123969,0.99296916,-0.0860952,0.0,0.16685402,0.098710984,0.98102796,0.0,-6.1893215,96.03566,-98.32321,1.0],[0.9959787,0.05112719,-0.073568925,0.0,-0.055419598,0.99680394,-0.057537246,0.0,0.07039207,0.061383035,0.995629,0.0,-4.111604,95.25159,-87.45346,1.0],[0.99434245,0.06315692,0.08540658,0.0,-0.056496732,0.99533,-0.07827118,0.0,-0.08995109,0.07300317,0.993267,0.0,-0.53192616,93.61033,-72.57539,1.0],[0.977143,0.13524273,0.16401535,0.0,-0.11899107,0.9873063,-0.10520184,0.0,-0.17616117,0.08328088,0.98083204,0.0,3.852704,93.7081,-58.533283,1.0],[0.9921724,0.081902586,0.094264686,0.0,-0.071450464,0.99143004,-0.10936766,0.0,-0.10241434,0.101776324,0.98952156,0.0,5.6372724,94.94622,-48.0523,1.0],[0.9973933,0.069284655,0.020153996,0.0,-0.06771249,0.9952222,-0.07034064,0.0,-0.02493123,0.068792604,0.9973194,0.0,5.5813427,95.03642,-37.342953,1.0],[0.98795944,0.08404987,-0.12989134,0.0,-0.0932801,0.9934044,-0.06668226,0.0,0.123429984,0.077995636,0.98928344,0.0,4.333164,93.571976,-22.961563,1.0],[0.96951693,0.014695448,-0.24458317,0.0,-0.03853156,0.9949241,-0.092958756,0.0,0.24197562,0.099549256,0.96516204,0.0,1.5066609,94.5039,-7.753682,1.0],[0.9985447,0.025221365,0.047669817,0.0,-0.021536825,0.9968534,-0.076285586,0.0,-0.049443845,0.07514791,0.9959458,0.0,-0.243345,96.49354,0.265491,1.0],[0.9937751,0.01796209,0.10994718,0.0,-0.01449109,0.99937356,-0.03228781,0.0,-0.11045826,0.030493569,0.99341285,0.0,-0.5074186,92.1455,21.190695,1.0],[0.99305594,-0.0030530726,0.11760344,0.0,0.00837652,0.9989609,-0.04479846,0.0,-0.11734448,0.045472484,0.99204963,0.0,-5.718159,90.87432,45.417103,1.0],[0.95472616,0.028217841,0.29614475,0.0,-0.004498995,0.9967469,-0.08046991,0.0,-0.29745206,0.07549438,0.9517473,0.0,-11.282702,94.6666,67.262375,1.0],[0.8905647,0.031072393,0.45379406,0.0,-0.0051352484,0.9982872,-0.058277328,0.0,-0.4548276,0.049569387,0.8891989,0.0,-16.161865,95.10527,86.37748,1.0],[0.84654975,0.010541271,0.5322052,0.0,0.008372545,0.99941653,-0.033112977,0.0,-0.5322437,0.032487694,0.8459676,0.0,-22.257313,91.49332,107.545006,1.0],[0.793562,0.07652195,0.6036587,0.0,-0.017976508,0.9945763,-0.102444395,0.0,-0.6082238,0.0704443,0.79063356,0.0,-29.267529,93.331795,130.28844,1.0],[0.998722,0.045667678,-0.021651354,0.0,-0.042448096,0.9904615,0.13108802,0.0,0.027431317,-0.13000143,0.9911343,0.0,-0.698,93.90083,2.678952,1.0],[0.99177027,0.12649703,0.01975328,0.0,-0.12779754,0.96882176,0.2122549,0.0,0.007712208,-0.21303253,0.97701466,0.0,0.8325229,99.07817,26.755823,1.0],[0.9695482,0.19334108,0.15031773,0.0,-0.1981523,0.9800137,0.017571554,0.0,-0.14391613,-0.046822272,0.9884816,0.0,-0.057531904,91.49855,49.657837,1.0],[0.9088158,0.083461545,0.40876406,0.0,-0.12095342,0.99041504,0.06669572,0.0,-0.39927953,-0.110055536,0.91019976,0.0,-10.136283,99.89546,73.6141,1.0],[0.850021,0.10730905,0.51570255,0.0,-0.0806713,0.99399996,-0.07386603,0.0,-0.5205348,0.02118528,0.8535776,0.0,-24.851896,91.54529,98.36307,1.0],[0.75617564,0.08002474,0.6494571,0.0,-0.10829697,0.9941121,0.0035998784,0.0,-0.6453451,-0.07305637,0.76038975,0.0,-38.61431,94.27884,115.117325,1.0],[0.6187228,0.13552192,0.7738321,0.0,-0.21731508,0.97609746,0.0028109327,0.0,-0.7549546,-0.16990453,0.6333847,0.0,-55.4585,97.57902,133.60281,1.0],[0.46395153,0.18008202,0.8673636,0.0,-0.12412563,0.98267555,-0.13762848,0.0,-0.8771213,-0.043809075,0.47826666,0.0,-72.51398,88.11637,149.37032,1.0],[0.25476217,0.056644917,0.9653433,0.0,-0.11731739,0.9927194,-0.027290273,0.0,-0.95986086,-0.10629903,0.25955278,0.0,-97.19352,97.0118,158.54614,1.0],[0.14564604,0.09609899,0.9846586,0.0,-0.006804209,0.995345,-0.09613551,0.0,-0.9893135,0.0073019527,0.14562196,0.0,-125.94933,89.20086,164.12521,1.0],[-0.075160265,0.093372166,0.99279034,0.0,-0.08910298,0.9909949,-0.09994894,0.0,-0.99318266,-0.09597276,-0.06616378,0.0,-148.36186,91.56964,166.20726,1.0],[-0.20271766,0.13753508,0.96953076,0.0,-0.18502803,0.9668728,-0.17584525,0.0,-0.96159786,-0.21503727,-0.1705544,0.0,-174.84158,95.217285,166.31294,1.0],[-0.31539,0.20965928,0.9255119,0.0,0.015923925,0.9763204,-0.21574265,0.0,-0.94882864,-0.05330527,-0.31126022,0.0,-198.70615,86.11165,164.28783,1.0],[-0.5885216,0.0822365,0.8042882,0.0,-0.07482217,0.9850039,-0.15546386,0.0,-0.8050118,-0.15167244,-0.57354295,0.0,-223.7282,94.61997,150.11519,1.0],[-0.7194712,0.123740606,0.6834103,0.0,0.08393363,0.99227965,-0.09130308,0.0,-0.689432,-0.008328833,-0.72430265,0.0,-247.24658,87.42908,132.2998,1.0],[-0.8745277,0.0907018,0.4764186,0.0,0.03125181,0.9908533,-0.13127452,0.0,-0.48396778,-0.099914245,-0.8693633,0.0,-264.72437,89.57794,117.20275,1.0],[-0.93752885,0.15682007,0.31055996,0.0,0.070791975,0.9599633,-0.27103308,0.0,-0.3406296,-0.23211613,-0.9110949,0.0,-282.57294,93.335144,95.61253,1.0],[-0.95525444,0.24897563,0.15968853,0.0,0.23886546,0.9677543,-0.07996812,0.0,-0.17444938,-0.038245812,-0.9839233,0.0,-296.4721,85.47194,74.94117,1.0],[-0.99028814,0.08722822,-0.10826428,0.0,0.099126026,0.98899025,-0.10987403,0.0,0.09748821,-0.11953873,-0.98803186,0.0,-299.3765,94.273796,49.91569,1.0],[-0.947924,0.1419537,-0.2851131,0.0,0.14221948,0.9896354,0.01988395,0.0,0.2849806,-0.021700162,-0.9582877,0.0,-298.15417,87.13698,21.756193,1.0],[-0.87429166,0.10582712,-0.47372437,0.0,0.143451,0.988684,-0.04388295,0.0,0.46371973,-0.106322736,-0.8795792,0.0,-293.80948,88.240845,0.11655097,1.0],[-0.7732105,0.16841456,-0.6113772,0.0,0.28936368,0.9515711,-0.10383217,0.0,0.564282,-0.25719446,-0.78449786,0.0,-285.68118,94.9709,-24.950619,1.0],[-0.69435287,0.27841696,-0.663595,0.0,0.2535139,0.95764893,0.13652551,0.0,0.673502,-0.07343368,-0.7355288,0.0,-277.17886,85.90863,-48.02337,1.0],[-0.54963577,0.1251939,-0.82597053,0.0,0.15837622,0.9863927,0.044119157,0.0,0.8202547,-0.10656462,-0.5619844,0.0,-260.0515,95.231705,-64.39199,1.0],[-0.42838907,0.14661872,-0.8916198,0.0,0.1319955,0.98631704,0.09877207,0.0,0.8939016,-0.07537692,-0.44188035,0.0,-236.90587,91.34512,-79.94032,1.0],[-0.29759836,0.09612074,-0.94984007,0.0,0.1305525,0.98966956,0.05924741,0.0,0.9457227,-0.106372066,-0.30707288,0.0,-216.75427,88.203156,-90.04138,1.0],[-0.10534179,0.15544657,-0.98221165,0.0,0.2695719,0.95518786,0.12225831,0.0,0.9572013,-0.25189775,-0.1425252,0.0,-192.2169,97.30149,-99.1081,1.0],[-0.085113764,0.22739048,-0.970077,0.0,0.09232651,0.9712209,0.219558,0.0,0.99208444,-0.07087642,-0.10365844,0.0,-166.79065,88.51719,-106.94028,1.0],[0.14245111,0.11402944,-0.9832117,0.0,0.0979619,0.9868406,0.12864341,0.0,0.9849424,-0.11464269,0.12940598,0.0,-142.08769,96.84473,-106.809364,1.0],[0.3523968,0.11108306,-0.92923474,0.0,0.05964017,0.98824644,0.14075501,0.0,0.9339484,-0.10502133,0.34162986,0.0,-113.50219,95.32215,-101.53495,1.0],[0.4907239,0.0292667,-0.87082344,0.0,0.013615859,0.9990561,0.041249126,0.0,0.8712087,-0.03209894,0.48986226,0.0,-90.064224,88.73019,-94.62996,1.0],[0.661443,0.13849476,-0.7370973,0.0,0.06964402,0.9672138,0.24422774,0.0,0.74675494,-0.21287712,0.63011146,0.0,-66.75389,98.57981,-84.52767,1.0],[0.7340307,0.22201228,-0.6418017,0.0,-0.12134707,0.9727228,0.1976996,0.0,0.6681869,-0.06723683,0.74094903,0.0,-42.820763,90.56543,-72.162476,1.0],[0.85719126,0.15517795,-0.49106303,0.0,-0.086575024,0.9833739,0.15962633,0.0,0.50766903,-0.09431651,0.856374,0.0,-26.400602,95.29185,-55.86948,1.0],[0.95926803,0.10649338,-0.26165628,0.0,-0.06479196,0.9844729,0.16314149,0.0,0.274967,-0.1395432,0.95127326,0.0,-13.210257,97.772995,-31.77015,1.0],[0.99854183,-0.026027175,-0.04729483,0.0,0.02683439,0.9995035,0.016513595,0.0,0.046841543,-0.017758643,0.9987445,0.0,-0.184628,95.910164,0.722266,1.0],[0.99897903,-0.03394634,0.02980917,0.0,0.03358097,0.9993557,0.012673263,0.0,-0.030220173,-0.011659303,0.99947524,0.0,-0.33493525,94.0398,26.440132,1.0],[0.9977359,-0.011562556,0.06625243,0.0,0.009855418,0.9996124,0.026036352,0.0,-0.066527806,-0.025324456,0.99746317,0.0,1.6028919,89.79228,56.74175,1.0],[0.99967104,-0.025492879,0.002824825,0.0,0.025444442,0.9995477,0.016028546,0.0,-0.0032321613,-0.015951395,0.99986756,0.0,3.3966088,96.1139,83.65651,1.0],[0.99485594,0.02025053,-0.09925518,0.0,-0.016950088,0.99927866,0.033983387,0.0,0.09987176,-0.03212619,0.99448156,0.0,3.6008291,93.48067,108.858826,1.0],[0.991182,-0.009976824,-0.13213119,0.0,0.017297294,0.99837095,0.05437168,0.0,0.1313735,-0.056177747,0.9897399,0.0,1.714956,89.66547,138.11845,1.0],[0.9892321,0.08312952,0.1204543,0.0,-0.08818326,0.9954078,0.037241854,0.0,-0.116805255,-0.047462888,0.9920201,0.0,-0.416664,92.36133,0.737255,1.0],[0.9827132,0.048219696,0.1787443,0.0,-0.043244936,0.99856377,-0.03162658,0.0,-0.1800126,0.023350073,0.9833871,0.0,-1.1677864,95.482,-30.985374,1.0],[0.9720633,-0.0038740202,0.23468685,0.0,-0.0009869816,0.9997875,0.02059172,0.0,-0.23471674,-0.020248087,0.9718529,0.0,0.1358627,97.28098,-69.413536,1.0],[0.989879,0.025357855,0.1396299,0.0,-0.01623687,0.99768233,-0.0660786,0.0,-0.14098188,0.06314267,0.9879965,0.0,-0.8211223,92.21768,-102.1889,1.0],[0.9886225,0.051291093,0.1414031,0.0,-0.060580917,0.99622387,0.062192734,0.0,-0.1376792,-0.07005146,0.9879966,0.0,-0.4793561,97.5816,-142.85286,1.0],[0.9873565,0.07426678,0.14004138,0.0,-0.07385747,0.9972357,-0.00812493,0.0,-0.14025769,-0.0023208999,0.9901123,0.0,-0.17337322,89.02855,-184.03769,1.0],[0.9774855,0.03941524,0.20728864,0.0,-0.041241266,0.99913913,0.004493396,0.0,-0.20693307,-0.012941075,0.9782695,0.0,-1.249279,99.08444,-211.71396,1.0],[0.9998221,-0.018709887,0.002386578,0.0,0.01876662,0.9994724,-0.026509155,0.0,-0.0018893355,0.026549228,0.9996457,0.0,0.191895,95.95428,0.742339,1.0],[0.9996923,-0.02476861,0.0013457317,0.0,0.024797935,0.99923766,-0.03015188,0.0,-0.0005978856,0.030175975,0.99954444,0.0,0.9539788,95.847855,0.8489337,1.0],[0.9995171,-0.031010399,-0.0019989577,0.0,0.030923007,0.99892545,-0.034520507,0.0,0.0030673044,0.034442022,0.999402,0.0,1.4255707,95.49529,1.046227,1.0],[0.9994441,-0.03323847,-0.0025820655,0.0,0.03312283,0.99879026,-0.036344692,0.0,0.0037869837,0.03623896,0.999336,0.0,1.5478159,95.0741,1.1669484,1.0],[0.9993771,-0.03528228,0.0007974943,0.0,0.035287242,0.9986649,-0.037724763,0.0,0.0005345859,0.037729405,0.99928784,0.0,1.4746932,94.7789,1.1648889,1.0],[0.99927753,-0.037913233,0.0026520172,0.0,0.037992448,0.99834406,-0.043193694,0.0,-0.0010100128,0.043263245,0.9990632,0.0,1.2614955,94.61049,1.1984407,1.0],[0.9993059,-0.036988955,0.004417241,0.0,0.03716067,0.99811685,-0.048803706,0.0,-0.002603725,0.04893398,0.9987986,0.0,0.8939742,94.48797,1.2380556,1.0],[0.99931234,-0.036767177,0.0048037423,0.0,0.03697191,0.9978805,-0.05354993,0.0,-0.0028246806,0.05369071,0.99855363,0.0,0.40908432,94.3726,1.2259134,1.0],[0.9993998,-0.03430409,0.0048338585,0.0,0.03452091,0.99783933,-0.05590115,0.0,-0.002905776,0.056034464,0.9984246,0.0,-0.198843,94.32118,1.125146,1.0],[0.9994922,-0.0315608,0.0043769083,0.0,0.03174682,0.99812454,-0.052340657,0.0,-0.0027167867,0.052453034,0.9986197,0.0,-0.9061586,94.370895,0.95571136,1.0],[0.99968517,-0.02494405,0.00271163,0.0,0.025044883,0.998553,-0.04758901,0.0,-0.0015206435,0.04764194,0.99886334,0.0,-1.7241387,94.56248,0.6899449,1.0],[0.9997954,-0.019845882,-0.0039246674,0.0,0.019653087,0.9988283,-0.044223838,0.0,0.00479773,0.044137657,0.99901396,0.0,-2.6049776,94.79389,0.47883257,1.0],[0.9998696,-0.015006475,-0.005965991,0.0,0.014762241,0.99912757,-0.039065838,0.0,0.0065470263,0.038972676,0.9992188,0.0,-3.5698261,95.02643,0.3106943,1.0],[0.9999437,-0.009407323,-0.004911899,0.0,0.009212211,0.99922234,-0.03833861,0.0,0.005268743,0.0382912,0.99925274,0.0,-4.621873,95.222206,0.22990385,1.0],[0.9999768,0.00084465754,-0.006758698,0.0,-0.0011052876,0.99925214,-0.03865183,0.0,0.006720996,0.038658403,0.9992299,0.0,-5.747847,95.535866,0.32288745,1.0],[0.99985427,0.012692606,-0.011417994,0.0,-0.013127238,0.9991595,-0.038832173,0.0,0.010915516,0.0389764,0.9991805,0.0,-6.8965697,95.93649,0.50863314,1.0],[0.99962455,0.023970086,-0.013275371,0.0,-0.024459522,0.9989775,-0.038022485,0.0,0.012350394,0.03833292,0.9991887,0.0,-8.02546,96.06957,0.8011625,1.0],[0.99912626,0.03612347,-0.021020267,0.0,-0.036868088,0.9986648,-0.036185894,0.0,0.019685041,0.036929253,0.999124,0.0,-9.110699,96.00206,0.96887827,1.0],[0.9986623,0.039982233,-0.032788347,0.0,-0.041196603,0.9984569,-0.03723752,0.0,0.031248914,0.038538475,0.9987684,0.0,-10.060849,95.81881,1.0672582,1.0],[0.9986678,0.03526662,-0.037668496,0.0,-0.036635872,0.99866915,-0.03630028,0.0,0.03633818,0.037631936,0.99863076,0.0,-10.850161,95.41673,0.9880088,1.0],[0.99886644,0.02853404,-0.03810064,0.0,-0.030006178,0.9988025,-0.038642272,0.0,0.036952395,0.039741725,0.99852645,0.0,-11.493581,94.87665,0.8785398,1.0],[0.9988467,0.02376366,-0.041719448,0.0,-0.02553247,0.9987748,-0.04238978,0.0,0.040660996,0.04340609,0.99822974,0.0,-11.656404,94.462715,0.76702744,1.0],[0.99897337,0.020201935,-0.04054686,0.0,-0.021983238,0.9987906,-0.04397795,0.0,0.039609384,0.04482415,0.99820936,0.0,-11.144219,94.71205,0.6863704,1.0],[0.9992054,0.016820524,-0.03613398,0.0,-0.018063292,0.9992467,-0.034346793,0.0,0.03552903,0.034972202,0.9987565,0.0,-10.222761,95.03959,0.5185218,1.0],[0.999516,0.01572833,-0.026839577,0.0,-0.016340638,0.9996077,-0.02274892,0.0,0.026471242,0.023176486,0.9993809,0.0,-9.062569,95.45173,0.29438275,1.0],[0.9997371,0.013098574,-0.018819084,0.0,-0.013395633,0.99978626,-0.015746614,0.0,0.018608803,0.01599457,0.9996989,0.0,-7.7919106,95.6716,0.14748968,1.0],[0.9997417,0.009165042,-0.020798597,0.0,-0.009294932,0.99993783,-0.0061570364,0.0,0.020740874,0.006348768,0.99976474,0.0,-6.545567,96.05471,0.04716736,1.0],[0.99969304,0.0043269247,-0.024394829,0.0,-0.0043246895,0.99999064,0.00014438626,0.0,0.024395224,-0.00003884188,0.9997024,0.0,-5.3046904,96.16554,0.20980015,1.0],[0.99978477,-0.004191896,-0.020318108,0.0,0.004193931,0.9999912,0.000057563993,0.0,0.020317687,-0.00014276436,0.9997936,0.0,-3.962647,96.32977,0.48436597,1.0],[0.9998532,-0.012420039,-0.011805914,0.0,0.012370407,0.99991435,-0.0042677517,0.0,0.011857908,0.0041210814,0.9999212,0.0,-2.448456,96.48211,0.590194,1.0],[0.99974126,-0.02186598,0.006271084,0.0,0.021916894,0.9997264,-0.008168462,0.0,-0.0060907565,0.00830379,0.99994695,0.0,-0.6605279,96.474174,0.42782632,1.0],[0.99923235,-0.029021805,0.026315209,0.0,0.029459001,0.9994317,-0.016381176,0.0,-0.025824845,0.017143821,0.99951947,0.0,1.3509351,96.20039,0.041917738,1.0],[0.9982513,-0.03876199,0.044630155,0.0,0.039728902,0.9989901,-0.020985479,0.0,-0.043771647,0.022721888,0.9987831,0.0,3.3360076,95.808624,-0.48033738,1.0],[0.996768,-0.05076692,0.062259555,0.0,0.05259085,0.9982231,-0.0280144,0.0,-0.060726725,0.03119814,0.9976668,0.0,4.988018,95.16337,-0.95484793,1.0],[0.9954673,-0.055140357,0.077487774,0.0,0.057923812,0.997737,-0.034143332,0.0,-0.075429745,0.038476963,0.99640846,0.0,5.9367447,94.72637,-1.215251,1.0],[0.9957065,-0.05105995,0.0772106,0.0,0.05370332,0.99802613,-0.032554816,0.0,-0.07539595,0.036561508,0.99648315,0.0,5.865729,94.64849,-1.2016022,1.0],[0.9968748,-0.04027813,0.06795825,0.0,0.042329133,0.9986823,-0.029014703,0.0,-0.06670004,0.03180064,0.9972662,0.0,4.771208,95.11352,-1.093004,1.0],[0.9977795,-0.02997951,0.059475157,0.0,0.031446677,0.99921995,-0.023887686,0.0,-0.05871262,0.025704939,0.99794394,0.0,3.0068092,95.50252,-0.882445,1.0],[0.99818975,-0.020087635,0.056689844,0.0,0.021301793,0.9995547,-0.020895142,0.0,-0.056244865,0.022064913,0.9981732,0.0,0.88486826,95.82133,-0.5601041,1.0],[0.9987206,-0.008102803,0.049915608,0.0,0.009226175,0.9997084,-0.022316296,0.0,-0.049720224,0.022748273,0.9985041,0.0,-1.2882205,95.944695,-0.24969807,1.0],[0.999118,0.0042380015,0.041776575,0.0,-0.0033573357,0.9997711,-0.021128045,0.0,-0.041856557,0.02096915,0.9989036,0.0,-3.197444,96.00809,0.10530776,1.0],[0.9993818,0.016045084,0.03128337,0.0,-0.015457253,0.9997011,-0.018942673,0.0,-0.03157796,0.018447407,0.99933106,0.0,-4.7708774,96.19229,0.26611698,1.0],[0.9994044,0.021103723,0.027304448,0.0,-0.020553852,0.99958336,-0.020264849,0.0,-0.027720734,0.019691568,0.9994217,0.0,-6.1192174,96.268585,0.28050756,1.0],[0.9994639,0.02407751,0.02218558,0.0,-0.023572901,0.9994636,-0.022732463,0.0,-0.02272102,0.022197299,0.9994954,0.0,-7.2764635,96.178474,0.09183349,1.0],[0.999712,0.021765979,0.0101086795,0.0,-0.021504084,0.99944776,-0.02533164,0.0,-0.010654466,0.025106968,0.999628,0.0,-8.224075,95.88154,-0.2821562,1.0],[0.9997995,0.017147513,-0.010339795,0.0,-0.017434472,0.9994465,-0.028332604,0.0,0.009848237,0.028507194,0.9995451,0.0,-8.980291,95.72137,-0.5921992,1.0],[0.9991519,0.014034085,-0.038711134,0.0,-0.015333489,0.9993219,-0.033476587,0.0,0.038215067,0.034041774,0.99868953,0.0,-9.575683,95.35353,-0.73777556,1.0],[0.9980731,0.01543148,-0.06009912,0.0,-0.017532663,0.99924767,-0.034593027,0.0,0.059520084,0.035580065,0.9975928,0.0,-10.032065,95.13345,-0.9213796,1.0],[0.99716485,0.015059022,-0.07372605,0.0,-0.017542569,0.99929625,-0.033155303,0.0,0.07317489,0.034354646,0.9967272,0.0,-10.313075,95.04472,-1.041757,1.0],[0.9962308,0.013070171,-0.08575227,0.0,-0.015689505,0.99942845,-0.029942855,0.0,0.0853119,0.031175405,0.9958664,0.0,-10.376451,95.1849,-0.8649984,1.0],[0.9952772,0.011109035,-0.09643544,0.0,-0.0139321,0.9994924,-0.028650308,0.0,0.09606822,0.029858546,0.9949268,0.0,-10.0903225,95.24957,-0.32552192,1.0],[0.9943669,0.013092332,-0.105181396,0.0,-0.015964458,0.999521,-0.02651102,0.0,0.10478392,0.028040843,0.9940996,0.0,-9.513124,95.54212,0.38844922,1.0],[0.9948576,0.0123743825,-0.10052469,0.0,-0.014710324,0.99963796,-0.02252955,0.0,0.1002095,0.023892444,0.99467945,0.0,-8.666283,95.79814,1.1070178,1.0],[0.995476,0.015042746,-0.09381477,0.0,-0.017466484,0.9995332,-0.02506793,0.0,0.093393885,0.026593138,0.995274,0.0,-7.6459904,96.25711,1.761263,1.0],[0.9970964,0.013871806,-0.074875236,0.0,-0.015832068,0.9995456,-0.025650622,0.0,0.07448539,0.026761575,0.99686295,0.0,-6.464557,96.36444,2.1561205,1.0],[0.99824923,0.015563887,-0.057063196,0.0,-0.01692468,0.99958193,-0.023441892,0.0,0.05667449,0.024366628,0.99809533,0.0,-5.214625,96.44338,2.3603535,1.0],[0.9993841,0.006353133,-0.03451236,0.0,-0.0072296592,0.9996529,-0.025332326,0.0,0.03433944,0.025566237,0.99908316,0.0,-3.872092,96.44382,2.373311,1.0],[0.9998965,-0.0016058242,-0.014297188,0.0,0.0012848467,0.9997476,-0.02243134,0.0,0.0143296,0.02241065,0.9996461,0.0,-2.5649185,96.28294,2.0592525,1.0],[0.9999436,-0.00804726,-0.006926043,0.0,0.0078905765,0.99971884,-0.022360072,0.0,0.0071040327,0.022304162,0.999726,0.0,-1.3479568,96.15974,1.565937,1.0],[0.9985415,-0.025344826,-0.047671586,0.0,0.021663219,0.9968557,-0.076219685,0.0,0.049453467,0.0750758,0.9959508,0.0,0.244185,96.49411,0.265634,1.0],[0.99375284,-0.017854543,-0.11016561,0.0,0.014378003,0.9993757,-0.032271553,0.0,0.110673025,0.030485986,0.9933892,0.0,0.50714356,92.16326,21.187073,1.0],[0.99302757,0.00296714,-0.11784502,0.0,-0.008300847,0.9989617,-0.044795368,0.0,0.11758975,0.04546125,0.99202114,0.0,5.721486,90.894066,45.419113,1.0],[0.95468664,-0.028587282,-0.2962368,0.0,0.004834545,0.9967343,-0.08060595,0.0,0.2975737,0.07552125,0.9517071,0.0,11.286853,94.67889,67.264175,1.0],[0.89052755,-0.031103684,-0.45386478,0.0,0.0051645804,0.9982869,-0.058279917,0.0,0.4549,0.049555853,0.88916266,0.0,16.16091,95.09404,86.37873,1.0],[0.84642005,-0.010521954,-0.5324118,0.0,-0.008389104,0.99941725,-0.03308816,0.0,0.5324497,0.032472942,0.84583855,0.0,22.255703,91.4741,107.54712,1.0],[0.79336524,-0.07695926,-0.60386163,0.0,0.01833913,0.99454784,-0.10265603,0.0,0.60846967,0.07036943,0.79045105,0.0,29.265087,93.3113,130.28035,1.0],[0.98170877,-0.053047203,0.18284932,0.0,0.07470388,0.9907068,-0.11366314,0.0,-0.17512056,0.12524365,0.97654843,0.0,0.236648,96.08627,5.031703,1.0],[0.989452,-0.074016236,0.124524556,0.0,0.08340385,0.9939158,-0.07193919,0.0,-0.118442245,0.08156621,0.9896052,0.0,-1.8128963,95.736534,17.561535,1.0],[0.9936529,-0.108115815,0.031063087,0.0,0.11087278,0.9879414,-0.108069494,0.0,-0.019004487,0.11082761,0.99365795,0.0,-5.8699374,93.94945,33.434113,1.0],[0.9828089,-0.16641696,-0.0799508,0.0,0.15231217,0.97556984,-0.15831758,0.0,0.104344316,0.14341845,0.98414606,0.0,-10.252127,94.155495,47.39542,1.0],[0