{"joints":[{"name":"Model_Hips","offset":[0.0,96.91508,0.0],"parent_index":null,"pose_refs":[{"pose_index":0,"data_type":"PositionX"},{"pose_index":1,"data_type":"PositionY"},{"pose_index":2,"data_type":"PositionZ"},{"pose_index":3,"data_type":"RotationX"},{"pose_index":4,"data_type":"RotationY"},{"pose_index":5,"data_type":"RotationZ"}]},{"name":"Model_Spine","offset":[0.0,11.137703,-1.2899],"parent_index":0,"pose_refs":[{"pose_index":6,"data_type":"RotationX"},{"pose_index":7,"data_type":"RotationY"},{"pose_index":8,"data_type":"RotationZ"}]},{"name":"Model_Spine1","offset":[0.0,12.993942,-1.504922],"parent_index":1,"pose_refs":[{"pose_index":9,"data_type":"RotationX"},{"pose_index":10,"data_type":"RotationY"},{"pose_index":11,"data_type":"RotationZ"}]},{"name":"Model_Spine2","offset":[0.0,14.85022,-1.719911],"parent_index":2,"pose_refs":[{"pose_index":12,"data_type":"RotationX"},{"pose_index":13,"data_type":"RotationY"},{"pose_index":14,"data_type":"RotationZ"}]},{"name":"Model_Neck","offset":[0.0,16.706543,-1.934903],"parent_index":3,"pose_refs":[{"pose_index":15,"data_type":"RotationX"},{"pose_index":16,"data_type":"RotationY"},{"pose_index":17,"data_type":"RotationZ"}]},{"name":"Model_Head","offset":[0.0,10.471298,2.0021],"parent_index":4,"pose_refs":[{"pose_index":18,"data_type":"RotationX"},{"pose_index":19,"data_type":"RotationY"},{"pose_index":20,"data_type":"RotationZ"}]},{"name":"Model_HeadTop_End","offset":[0.0,20.842606,3.9851],"parent_index":5,"pose_refs":[{"pose_index":21,"data_type":"RotationX"},{"pose_index":22,"data_type":"RotationY"},{"pose_index":23,"data_type":"RotationZ"}]},{"name":"Model_LeftShoulder","offset":[7.0085,14.7686,-1.919946],"parent_index":3,"pose_refs":[{"pose_index":24,"data_type":"RotationX"},{"pose_index":25,"data_type":"RotationY"},{"pose_index":26,"data_type":"RotationZ"}]},{"name":"Model_LeftArm","offset":[14.126271,-3.718048,0.029937],"parent_index":7,"pose_refs":[{"pose_index":27,"data_type":"RotationX"},{"pose_index":28,"data_type":"RotationY"},{"pose_index":29,"data_type":"RotationZ"}]},{"name":"Model_LeftForeArm","offset":[28.2828,0.0,0.0],"parent_index":8,"pose_refs":[{"pose_index":30,"data_type":"RotationX"},{"pose_index":31,"data_type":"RotationY"},{"pose_index":32,"data_type":"RotationZ"}]},{"name":"Model_LeftHand","offset":[26.204689,0.0,0.0],"parent_index":9,"pose_refs":[{"pose_index":33,"data_type":"RotationX"},{"pose_index":34,"data_type":"RotationY"},{"pose_index":35,"data_type":"RotationZ"}]},{"name":"Model_RightShoulder","offset":[-7.0085,14.768555,-1.94984],"parent_index":3,"pose_refs":[{"pose_index":36,"data_type":"RotationX"},{"pose_index":37,"data_type":"RotationY"},{"pose_index":38,"data_type":"RotationZ"}]},{"name":"Model_RightArm","offset":[-14.126281,-3.718018,-0.029932],"parent_index":11,"pose_refs":[{"pose_index":39,"data_type":"RotationX"},{"pose_index":40,"data_type":"RotationY"},{"pose_index":41,"data_type":"RotationZ"}]},{"name":"Model_RightForeArm","offset":[-28.283798,0.0,-0.000001],"parent_index":12,"pose_refs":[{"pose_index":42,"data_type":"RotationX"},{"pose_index":43,"data_type":"RotationY"},{"pose_index":44,"data_type":"RotationZ"}]},{"name":"Model_RightHand","offset":[-26.204193,0.0,-0.000001],"parent_index":13,"pose_refs":[{"pose_index":45,"data_type":"RotationX"},{"pose_index":46,"data_type":"RotationY"},{"pose_index":47,"data_type":"RotationZ"}]},{"name":"Model_LeftUpLeg","offset":[8.3277,-6.193199,-0.4028],"parent_index":0,"pose_refs":[{"pose_index":48,"data_type":"RotationX"},{"pose_index":49,"data_type":"RotationY"},{"pose_index":50,"data_type":"RotationZ"}]},{"name":"Model_LeftLeg","offset":[0.735802,-42.10874,-0.610721],"parent_index":15,"pose_refs":[{"pose_index":51,"data_type":"RotationX"},{"pose_index":52,"data_type":"RotationY"},{"pose_index":53,"data_type":"RotationZ"}]},{"name":"Model_LeftFoot","offset":[-0.735806,-36.833748,-0.172876],"parent_index":16,"pose_refs":[{"pose_index":54,"data_type":"RotationX"},{"pose_index":55,"data_type":"RotationY"},{"pose_index":56,"data_type":"RotationZ"}]},{"name":"Model_LeftToeBase","offset":[-0.565857,-11.977769,16.297714],"parent_index":17,"pose_refs":[{"pose_index":57,"data_type":"RotationX"},{"pose_index":58,"data_type":"RotationY"},{"pose_index":59,"data_type":"RotationZ"}]},{"name":"Model_LeftToe_End","offset":[-0.111712,-0.312793,7.857784],"parent_index":18,"pose_refs":[{"pose_index":60,"data_type":"RotationX"},{"pose_index":61,"data_type":"RotationY"},{"pose_index":62,"data_type":"RotationZ"}]},{"name":"Model_RightUpLeg","offset":[-8.3277,-6.193199,-0.5165],"parent_index":0,"pose_refs":[{"pose_index":63,"data_type":"RotationX"},{"pose_index":64,"data_type":"RotationY"},{"pose_index":65,"data_type":"RotationZ"}]},{"name":"Model_RightLeg","offset":[-0.735785,-42.108738,-0.434061],"parent_index":20,"pose_refs":[{"pose_index":66,"data_type":"RotationX"},{"pose_index":67,"data_type":"RotationY"},{"pose_index":68,"data_type":"RotationZ"}]},{"name":"Model_RightFoot","offset":[0.735776,-36.833748,-0.02163],"parent_index":21,"pose_refs":[{"pose_index":69,"data_type":"RotationX"},{"pose_index":70,"data_type":"RotationY"},{"pose_index":71,"data_type":"RotationZ"}]},{"name":"Model_RightToeBase","offset":[0.565817,-11.977745,15.903093],"parent_index":22,"pose_refs":[{"pose_index":72,"data_type":"RotationX"},{"pose_index":73,"data_type":"RotationY"},{"pose_index":74,"data_type":"RotationZ"}]},{"name":"Model_RightToe_End","offset":[0.111702,-0.312791,7.811342],"parent_index":23,"pose_refs":[{"pose_index":75,"data_type":"RotationX"},{"pose_index":76,"data_type":"RotationY"},{"pose_index":77,"data_type":"RotationZ"}]}],"trajectory_data":{"points":[{"matrix":[0.9998221,-0.018709887,0.002386578,0.0,0.01876662,0.9994724,-0.026509155,0.0,-0.0018893355,0.026549228,0.9996457,0.0,0.191895,95.95428,0.742339,1.0],"velocity":[5.310855,-1.2394563]},{"matrix":[0.99969226,-0.024769554,0.0013450859,0.0,0.02479886,0.9992376,-0.030152787,0.0,-0.0005971894,0.030176863,0.9995444,0.0,0.95408547,95.84782,0.84897596,1.0],"velocity":[3.6137862,1.431091]},{"matrix":[0.999517,-0.031011848,-0.0019997663,0.0,0.030924423,0.9989254,-0.034521643,0.0,0.0030681973,0.03444313,0.9994019,0.0,1.4256698,95.49514,1.0462835,1.0],"velocity":[1.6782855,0.9568572]},{"matrix":[0.99944407,-0.033239335,-0.002580674,0.0,0.03312374,0.9987902,-0.036344964,0.0,0.003785634,0.036239278,0.99933594,0.0,1.5478115,95.073875,1.1669765,1.0],"velocity":[-0.050639097,0.31631553]},{"matrix":[0.999377,-0.035284434,0.00079921156,0.0,0.035289455,0.99866474,-0.03772765,0.0,0.00053305423,0.03773235,0.9992877,0.0,1.4745878,94.778786,1.1648812,1.0],"velocity":[-0.89254266,-0.06480088]},{"matrix":[0.9992775,-0.037913494,0.0026537296,0.0,0.03799279,0.9983438,-0.04319838,0.0,-0.0010115333,0.04326799,0.999063,0.0,1.2612287,94.6103,1.1984795,1.0],"velocity":[-1.808066,0.26399562]},{"matrix":[0.9993059,-0.03698855,0.004418044,0.0,0.037160322,0.9981166,-0.048809797,0.0,-0.002604319,0.048940092,0.9987983,0.0,0.89351386,94.48789,1.2380906,1.0],"velocity":[-2.598787,0.19817911]},{"matrix":[0.9993124,-0.036765054,0.0048043365,0.0,0.03696984,0.9978803,-0.053555492,0.0,-0.0028251822,0.053696286,0.99855334,0.0,0.40839458,94.37248,1.2258226,1.0],"velocity":[-3.3393533,-0.4396661]},{"matrix":[0.9993999,-0.034299742,0.004833449,0.0,0.03451654,0.9978396,-0.055898376,0.0,-0.0029057073,0.056031667,0.99842477,0.0,-0.19978762,94.3212,1.1249715,1.0],"velocity":[-4.001261,-0.7395454]},{"matrix":[0.99949247,-0.031554736,0.00437596,0.0,0.031740695,0.9981251,-0.052333638,0.0,-0.0027163818,0.05244597,0.9986201,0.0,-0.9073757,94.371025,0.955321,1.0],"velocity":[-4.5819297,-1.4695494]},{"matrix":[0.99968547,-0.024933148,0.0027011533,0.0,0.025033485,0.9985535,-0.047583405,0.0,-0.001510842,0.04763606,0.99886364,0.0,-1.7256562,94.56297,0.68952614,1.0],"velocity":[-5.1410556,-1.4187316]},{"matrix":[0.99979556,-0.019834293,-0.003933346,0.0,0.019641181,0.99882907,-0.044212263,0.0,0.004805659,0.04412597,0.99901444,0.0,-2.606775,94.79438,0.47845235,1.0],"velocity":[-5.53584,-1.1709379]},{"matrix":[0.9998697,-0.014999061,-0.0059639104,0.0,0.014754943,0.99912786,-0.03906161,0.0,0.0065445965,0.038968522,0.999219,0.0,-3.5719705,95.02674,0.31041738,1.0],"velocity":[-6.052688,-0.78166413]},{"matrix":[0.99994385,-0.009388236,-0.004909636,0.0,0.009193223,0.9992225,-0.038338836,0.0,0.0052657533,0.038291547,0.99925274,0.0,-4.6244035,95.222855,0.22995402,1.0],"velocity":[-6.5973015,0.1307971]},{"matrix":[0.9999767,0.00087374076,-0.0067728506,0.0,-0.0011349015,0.9992521,-0.038652536,0.0,0.0067340126,0.038659323,0.9992297,0.0,-5.7506886,95.53679,0.32320854,1.0],"velocity":[-6.878992,0.7773441]},{"matrix":[0.9998538,0.01272399,-0.011425774,0.0,-0.01315891,0.9991591,-0.038832862,0.0,0.010922057,0.038977537,0.9991804,0.0,-6.8996124,95.93733,0.50940853,1.0],"velocity":[-6.870152,1.7508253]},{"matrix":[0.9996236,0.024004696,-0.013283032,0.0,-0.02449431,0.99897695,-0.038014904,0.0,0.012356906,0.03832595,0.9991889,0.0,-8.028613,96.069595,0.80178094,1.0],"velocity":[-6.676522,1.3098933]},{"matrix":[0.9991245,0.036151394,-0.021055043,0.0,-0.0368973,0.99866366,-0.036186956,0.0,0.019718695,0.036932148,0.9991232,0.0,-9.113795,96.00152,0.96930856,1.0],"velocity":[-6.1728773,0.8575638]},{"matrix":[0.9986616,0.039973248,-0.032820977,0.0,-0.041188862,0.99845725,-0.037236933,0.0,0.03128186,0.03853895,0.9987673,0.0,-10.063565,95.81801,1.0672753,1.0],"velocity":[-5.111802,0.031978447]},{"matrix":[0.99866855,0.035246573,-0.03766629,0.0,-0.036615767,0.99866986,-0.036300987,0.0,0.036336705,0.037631832,0.9986308,0.0,-10.852571,95.41502,0.9875231,1.0],"velocity":[-4.297514,-0.8661431]},{"matrix":[0.9988666,0.028511796,-0.038111873,0.0,-0.029984873,0.9988026,-0.038655452,0.0,0.036964104,0.03975442,0.99852556,0.0,-11.495639,94.87442,0.87823313,1.0],"velocity":[-3.4869452,-0.51946914]},{"matrix":[0.9988467,0.023751426,-0.041726287,0.0,-0.025521088,0.9987746,-0.042403348,0.0,0.040668014,0.043419346,0.99822885,0.0,-11.655334,94.462906,0.7666414,1.0],"velocity":[1.7259635,-0.62308615]},{"matrix":[0.9989743,0.020181902,-0.040534355,0.0,-0.0219622,0.9987916,-0.043966673,0.0,0.03959804,0.0448118,0.9982104,0.0,-11.141207,94.71289,0.6860399,1.0],"velocity":[4.639285,-0.50884783]},{"matrix":[0.99920624,0.016820237,-0.036110166,0.0,-0.018059958,0.9992489,-0.03428447,0.0,0.03550637,0.0349094,0.99875957,0.0,-10.218413,95.04179,0.51744586,1.0],"velocity":[6.403242,-1.584689]},{"matrix":[0.9995177,0.015717607,-0.026783675,0.0,-0.016327731,0.99960864,-0.022715397,0.0,0.02641616,0.023141757,0.99938315,0.0,-9.05726,95.45281,0.2936599,1.0],"velocity":[7.4930987,-1.0202794]},{"matrix":[0.9997372,0.013085874,-0.018821076,0.0,-0.013382396,0.9997869,-0.01571611,0.0,0.018611405,0.015963852,0.99969935,0.0,-7.7862983,95.67283,0.14693987,1.0],"velocity":[7.60954,-0.7454247]},{"matrix":[0.9997417,0.009136492,-0.020810036,0.0,-0.009265631,0.99993837,-0.0061176578,0.0,0.02075286,0.0063088955,0.99976474,0.0,-6.539863,96.05621,0.04724758,1.0],"velocity":[7.436108,0.104577914]},{"matrix":[0.9996932,0.004298704,-0.024393642,0.0,-0.004295846,0.99999076,0.00016956328,0.0,0.024394145,-0.000064719934,0.9997024,0.0,-5.29859,96.165634,0.21110728,1.0],"velocity":[7.652712,1.6398278]},{"matrix":[0.9997852,-0.0042303833,-0.020288877,0.0,0.0042318976,0.99999106,0.000031682972,0.0,0.02028856,-0.00011753662,0.9997942,0.0,-3.9556212,96.33102,0.48542657,1.0],"velocity":[8.503806,1.2837332]},{"matrix":[0.9998533,-0.012471301,-0.011738596,0.0,0.01242181,0.9999137,-0.0042796377,0.0,0.0117909545,0.0041331956,0.9999219,0.0,-2.4399626,96.482574,0.5900162,1.0],"velocity":[9.925491,-0.20777765]},{"matrix":[0.99973965,-0.021905195,0.0063863965,0.0,0.021957312,0.9997252,-0.008208265,0.0,-0.006204838,0.0083463555,0.99994594,0.0,-0.6501968,96.47328,0.42613304,1.0],"velocity":[11.663947,-1.9117421]},{"matrix":[0.9992285,-0.029063387,0.02641477,0.0,0.029503169,0.9994299,-0.016414592,0.0,-0.025922649,0.017181246,0.9995163,0.0,1.3621526,96.198395,0.039306194,1.0],"velocity":[12.256078,-2.8533032]},{"matrix":[0.9982444,-0.038832415,0.044723377,0.0,0.039802853,0.99898654,-0.021016166,0.0,-0.04386194,0.02275939,0.99877834,0.0,3.3465495,95.805824,-0.48331037,1.0],"velocity":[11.16326,-3.1482587]},{"matrix":[0.99675775,-0.050817117,0.06238303,0.0,0.052647755,0.99821883,-0.028059745,0.0,-0.060845997,0.031253096,0.9976578,0.0,4.995743,95.15932,-0.9571457,1.0],"velocity":[7.9321995,-2.3593922]},{"matrix":[0.99546534,-0.055137545,0.07751511,0.0,0.057923168,0.9977365,-0.03415802,0.0,-0.07545626,0.038493045,0.99640584,0.0,5.9393945,94.72467,-1.2156558,1.0],"velocity":[2.6407287,-0.403668]},{"matrix":[0.9957113,-0.05101189,0.07717962,0.0,0.053652138,0.99802965,-0.032530114,0.0,-0.07536813,0.036531456,0.99648637,0.0,5.8614936,94.6502,-1.2012036,1.0],"velocity":[-4.100136,0.3857941]},{"matrix":[0.9968834,-0.040198863,0.06787855,0.0,0.04224538,0.9986867,-0.02898781,0.0,-0.06662413,0.03176502,0.9972724,0.0,4.7614746,95.11696,-1.0919453,1.0],"velocity":[-9.160841,0.99633855]},{"matrix":[0.997782,-0.029922167,0.059462592,0.0,0.031387087,0.9992226,-0.02385641,0.0,-0.05870253,0.025669852,0.9979454,0.0,2.993666,95.50407,-0.88055605,1.0],"velocity":[-12.035511,1.7295862]},{"matrix":[0.998194,-0.02000607,0.056644328,0.0,0.02121924,0.9995564,-0.020897469,0.0,-0.056201123,0.022061678,0.9981757,0.0,0.87001586,95.82354,-0.5579843,1.0],"velocity":[-13.242274,1.889904]},{"matrix":[0.9987233,-0.008019574,0.04987371,0.0,0.009141866,0.9997092,-0.022315426,0.0,-0.049680248,0.022742877,0.9985062,0.0,-1.3025906,95.94471,-0.24734253,1.0],"velocity":[-12.483353,2.0461986]},{"matrix":[0.9991209,0.004327553,0.041698184,0.0,-0.0034491855,0.9997711,-0.021113843,0.0,-0.041780014,0.020951457,0.99890715,0.0,-3.2093067,96.00872,0.107358366,1.0],"velocity":[-10.047526,1.7367257]},{"matrix":[0.9993825,0.016095152,0.031233747,0.0,-0.015508229,0.99970025,-0.018943474,0.0,-0.03152928,0.018447395,0.99933255,0.0,-4.7813377,96.19402,0.2664697,1.0],"velocity":[-8.643722,0.2913554]},{"matrix":[0.999404,0.021148792,0.02728223,0.0,-0.02059888,0.99958205,-0.020282477,0.0,-0.02769978,0.019708406,0.99942195,0.0,-6.1285615,96.26827,0.28012848,1.0],"velocity":[-7.53999,-0.3059946]},{"matrix":[0.99946576,0.024061438,0.022119284,0.0,-0.023558032,0.99946374,-0.02274435,0.0,-0.022654682,0.022211112,0.9994966,0.0,-7.2842975,96.1767,0.08920768,1.0],"velocity":[-6.171647,-2.0688186]},{"matrix":[0.9997136,0.021747999,0.009988349,0.0,-0.021488834,0.9994474,-0.025359802,0.0,-0.010534354,0.025137901,0.9996285,0.0,-8.230703,95.87952,-0.28505898,1.0],"velocity":[-5.103048,-2.2350152]},{"matrix":[0.99979794,0.017102133,-0.0105663175,0.0,-0.017395876,0.9994463,-0.028363373,0.0,0.010075393,0.028541453,0.9995418,0.0,-8.985498,95.7196,-0.5938035,1.0],"velocity":[-3.9213543,-1.2082539]},{"matrix":[0.9991442,0.014034145,-0.03890939,0.0,-0.015341524,0.9993207,-0.033508178,0.0,0.038412698,0.034076434,0.9986808,0.0,-9.579947,95.35098,-0.738928,1.0],"velocity":[-3.140711,-0.8488021]},{"matrix":[0.99806434,0.0154525675,-0.06023924,0.0,-0.017558537,0.9992474,-0.034588948,0.0,0.059659414,0.03557971,0.9975845,0.0,-10.035175,95.13212,-0.92295074,1.0],"velocity":[-2.2409947,-1.1324776]},{"matrix":[0.99715716,0.015032151,-0.073835105,0.0,-0.017517567,0.9992975,-0.033130247,0.0,0.07328522,0.034329478,0.99672,0.0,-10.314567,95.045074,-1.0416986,1.0],"velocity":[-1.0519772,0.041154996]},{"matrix":[0.99622303,0.01305166,-0.08584487,0.0,-0.015671965,0.9994294,-0.02992094,0.0,0.08540537,0.031153288,0.99585915,0.0,-10.375307,95.18607,-0.86171675,1.0],"velocity":[0.790256,2.267834]},{"matrix":[0.995268,0.011119913,-0.09652985,0.0,-0.013945319,0.9994924,-0.02864462,0.0,0.09616233,0.029855212,0.9949178,0.0,-10.086352,95.25083,-0.31926227,1.0],"velocity":[2.6918828,4.243356]},{"matrix":[0.994365,0.013085624,-0.10519993,0.0,-0.015954161,0.9995222,-0.02647234,0.0,0.104803264,0.028001545,0.99409866,0.0,-9.506413,95.54415,0.39477605,1.0],"velocity":[4.4588723,4.2033973]},{"matrix":[0.9948648,0.012388835,-0.10045141,0.0,-0.014723156,0.9996377,-0.022530323,0.0,0.10013589,0.02389359,0.99468684,0.0,-8.65755,95.80228,1.1137242,1.0],"velocity":[5.691663,4.371148]},{"matrix":[0.99548596,0.015061857,-0.09370628,0.0,-0.017483803,0.9995326,-0.025079036,0.0,0.09328474,0.02660417,0.99528396,0.0,-7.635567,96.260345,1.7661613,1.0],"velocity":[6.6632752,3.131277]},{"matrix":[0.9971108,0.013867448,-0.07468421,0.0,-0.01582168,0.99954605,-0.025638815,0.0,0.07429477,0.02674637,0.9968776,0.0,-6.45277,96.36414,2.1585753,1.0],"velocity":[7.3936515,1.5395715]},{"matrix":[0.9982609,0.015533432,-0.056866843,0.0,-0.016890105,0.99958223,-0.023454582,0.0,0.056478757,0.024374278,0.99810624,0.0,-5.2019296,96.444626,2.361801,1.0],"velocity":[7.8205934,0.8915914]},{"matrix":[0.9993922,0.0062576258,-0.034294106,0.0,-0.007127777,0.99965423,-0.02530998,0.0,0.034123868,0.025539037,0.99909127,0.0,-3.8588166,96.442444,2.3714259,1.0],"velocity":[8.034265,-1.1410533]},{"matrix":[0.9998986,-0.0016854933,-0.014139569,0.0,0.0013681283,0.9997476,-0.022424884,0.0,0.014173797,0.022403266,0.9996485,0.0,-2.5520875,96.2818,2.0549772,1.0],"velocity":[7.6266913,-2.5413673]},{"matrix":[0.99994344,-0.008094794,-0.0069018593,0.0,0.007938714,0.9997187,-0.022349468,0.0,0.0070808325,0.02229341,0.9997264,0.0,-1.3362608,96.15823,1.5600374,1.0],"velocity":[6.833982,-3.4473567]},{"matrix":[0.99989694,-0.014355652,0.00014665836,0.0,0.014354842,0.99958557,-0.024952551,0.0,0.00021161255,0.024952086,0.9996886,0.0,-0.26372147,96.049545,0.9423871,1.0],"velocity":[5.9359813,-4.0571823]},{"matrix":[0.9915705,0.014646098,-0.12873787,0.0,0.019547414,0.9653086,0.26037902,0.0,0.12808532,-0.26070064,0.9568852,0.0,0.45253,96.26111,95.18525,1.0],"velocity":[0.7196259,215.72461]},{"matrix":[0.993235,-0.023502158,-0.113718465,0.0,0.05181168,0.96611327,0.25286505,0.0,0.10392204,-0.25704637,0.96079516,0.0,0.9003866,99.08359,137.47905,1.0],"velocity":[-2.3469148,276.78036]},{"matrix":[0.9983608,-0.0070558353,-0.056796804,0.0,0.01648826,0.9857568,0.16736673,0.0,0.054806925,-0.16802888,0.98425734,0.0,0.13149518,91.63797,180.16237,1.0],"velocity":[-6.0115795,243.9905]},{"matrix":[0.9916186,0.09648292,0.08592836,0.0,-0.11226714,0.9726207,0.20348208,0.0,-0.063943155,-0.21142353,0.97530067,0.0,0.48680288,98.57984,217.99834,1.0],"velocity":[3.6405468,237.59566]},{"matrix":[0.99664557,0.06744205,-0.04635954,0.0,-0.05557064,0.9735496,0.2216146,0.0,0.060079455,-0.21829498,0.9740317,0.0,-0.15574795,95.47733,259.3311,1.0],"velocity":[3.1907964,209.0034]},{"matrix":[0.99043477,-0.0018300787,-0.13796955,0.0,0.03840196,0.9640622,0.2628865,0.0,0.13253012,-0.2656702,0.95491105,0.0,0.4645158,96.978096,294.53604,1.0],"velocity":[-1.9002821,230.33293]},{"matrix":[0.9934273,-0.02304013,-0.112122014,0.0,0.049641535,0.96934325,0.24064375,0.0,0.10314025,-0.244628,0.9641158,0.0,0.8608889,98.37354,337.853,1.0],"velocity":[-4.0256186,269.0443]},{"matrix":[0.9993524,0.0053073447,-0.03558902,0.0,0.0007795661,0.9856368,0.16887726,0.0,0.03597414,-0.16879563,0.98499435,0.0,0.030831575,91.78298,379.98834,1.0],"velocity":[-5.267655,253.45686]},{"matrix":[0.9921633,0.09315694,0.08326952,0.0,-0.10880942,0.9717772,0.20930737,0.0,-0.061420992,-0.21672758,0.974298,0.0,0.54674995,99.276794,417.71625,1.0],"velocity":[-2.8284652,244.0619]},{"matrix":[0.9966807,0.07196248,-0.038066532,0.0,-0.06149114,0.9718838,0.22728997,0.0,0.053352598,-0.22419477,0.97308284,0.0,-0.102363825,94.53594,458.5718,1.0],"velocity":[1.151857,228.02219]}],"offsets":[0,60,70],"config":{"interval_time":0.1667,"num_points":7}},"pose_data":{"poses":[[0.191895,95.95428,0.742339,-1.52134,-0.108251,-1.075313,0.968056,-0.127227,0.023446,1.020917,-2.478266,0.146191,1.015813,-2.474655,0.189377,-2.75013,0.880339,-1.4275,-2.767889,0.838613,-1.453772,-0.000001,0.0,0.0,-0.356743,7.381304,-0.457863,2.460131,-24.54341,-70.534676,-0.000007,-29.295044,-0.000001,0.000001,0.000002,-0.000001,0.994796,2.418258,-3.714709,-2.712707,25.49458,74.91499,0.000017,27.09603,-0.000008,0.000002,-0.0,0.0,-8.179986,4.167462,2.367418,23.693005,9.330631,0.93019,-13.658808,2.818191,-3.727248,-0.464202,-0.000006,0.000001,0.0,-0.000002,-0.0,-8.55999,-13.510053,-6.0654,18.781704,-4.117475,-1.372705,-7.832805,-4.532835,6.660898,-0.000023,-0.000001,0.000003,0.0,-0.000001,0.0],[0.280411,95.93693,0.721681,-1.53284,-0.117623,-1.12491,0.98757,-0.119925,0.018429,1.057125,-2.469146,0.140261,1.052307,-2.46554,0.184186,-2.737768,0.869343,-1.402611,-2.755558,0.828769,-1.428353,-0.0,0.0,-0.0,-0.351099,7.310141,-0.438756,2.422261,-24.625422,-70.56007,0.00002,-29.285286,0.00003,-0.000001,0.000001,-0.000001,1.019476,2.547978,-3.635944,-2.708939,25.542934,74.84905,0.000012,27.130054,-0.000015,0.000002,0.000002,-0.000001,-8.269217,4.189038,2.378411,23.885962,9.304122,0.90472,-13.766119,2.826884,-3.661728,-0.453959,0.000003,0.000001,0.0,-0.000002,-0.0,-8.586016,-13.560104,-6.075989,18.803719,-4.129225,-1.401402,-7.805869,-4.468846,6.7289,-0.000024,-0.000006,-0.000001,0.0,-0.000001,0.0],[0.36746,95.92098,0.706933,-1.544313,-0.12369,-1.17279,1.005585,-0.112424,0.012862,1.090837,-2.458689,0.133591,1.086331,-2.455101,0.178215,-2.719586,0.858653,-1.378089,-2.737428,0.81919,-1.403294,-0.0,0.0,-0.0,-0.347687,7.241341,-0.3965,2.381475,-24.672192,-70.60812,0.000015,-29.273006,-0.000007,-0.0,0.0,-0.000001,1.041381,2.663771,-3.569398,-2.709004,25.573141,74.8006,0.000015,27.15604,-0.000015,0.000001,-0.0,0.0,-8.347229,4.211378,2.389357,24.063591,9.271689,0.877323,-13.869199,2.83669,-3.59442,-0.445727,0.000004,0.000002,0.0,-0.000001,-0.0,-8.60189,-13.609588,-6.085684,18.814835,-4.145903,-1.430309,-7.777905,-4.404644,6.79787,-0.000042,-0.000001,-0.000003,0.0,-0.000001,0.0],[0.453333,95.90643,0.697109,-1.556391,-0.127349,-1.218968,1.022456,-0.104846,0.006956,1.122669,-2.447225,0.126332,1.118492,-2.443657,0.171632,-2.696453,0.848538,-1.354664,-2.714311,0.810114,-1.379331,0.0,-0.0,-0.0,-0.345477,7.203729,-0.372725,2.356456,-24.698673,-70.626755,0.000011,-29.258898,0.000016,0.0,0.000001,0.0,1.056416,2.745045,-3.527781,-2.714575,25.607965,74.790245,-0.000011,27.173853,0.000025,-0.0,0.000002,-0.000001,-8.414401,4.233368,2.399807,24.22697,9.234948,0.847981,-13.96801,2.847981,-3.525377,-0.439673,-0.000001,-0.000001,0.0,-0.000002,-0.0,-8.607705,-13.657645,-6.094567,18.814861,-4.166918,-1.459356,-7.748004,-4.340531,6.867643,-0.000103,-0.000002,-0.000003,0.0,-0.000001,0.0],[0.53721,95.894646,0.694852,-1.570959,-0.128167,-1.261717,1.03783,-0.097371,0.000713,1.152103,-2.434466,0.118244,1.148283,-2.430926,0.164211,-2.665845,0.840058,-1.334942,-2.683743,0.802494,-1.359111,0.0,0.0,0.0,-0.343836,7.179552,-0.357072,2.339398,-24.712683,-70.63223,-0.000012,-29.24354,-0.000027,-0.000002,0.000002,-0.000001,1.068334,2.810027,-3.498029,-2.721728,25.64406,74.79805,0.000014,27.188318,-0.000002,-0.0,-0.000001,-0.0,-8.460441,4.252389,2.408273,24.363308,9.193518,0.814966,-14.057689,2.862866,-3.453489,-0.439529,-0.000007,-0.0,0.0,-0.0,-0.0,-8.595276,-13.70099,-6.102238,18.795513,-4.19507,-1.488567,-7.713926,-4.277561,6.938648,-0.000047,-0.000013,-0.000002,0.0,-0.000001,0.0],[0.614017,95.891884,0.720465,-1.591767,-0.116921,-1.293255,1.047208,-0.089858,-0.007188,1.171784,-2.416464,0.106957,1.168415,-2.412982,0.153511,-2.609015,0.836067,-1.325154,-2.626914,0.798821,-1.34895,-0.0,0.0,-0.000001,-0.342593,7.16714,-0.350659,2.331231,-24.713324,-70.6232,-0.000002,-29.22672,-0.000014,-0.000001,0.000001,-0.000001,1.07742,2.859353,-3.479058,-2.728946,25.682133,74.82302,-0.000016,27.20061,0.000018,0.000003,0.0,-0.000001,-8.440947,4.264869,2.41157,24.418257,9.13106,0.770221,-14.122974,2.889167,-3.372932,-0.446647,0.000003,0.000002,0.0,-0.000001,-0.0,-8.521034,-13.731656,-6.105416,18.709953,-4.248382,-1.518463,-7.667041,-4.217041,7.014504,-0.000072,0.000004,0.000001,0.0,0.000001,0.0],[0.687669,95.88876,0.746454,-1.615745,-0.104386,-1.320749,1.057277,-0.082823,-0.015705,1.192767,-2.399687,0.094549,1.189893,-2.396272,0.141761,-2.548789,0.833576,-1.319648,-2.566685,0.796474,-1.343119,-0.0,-0.0,0.0,-0.341489,7.162119,-0.352786,2.331799,-24.700218,-70.60104,-0.000014,-29.208197,-0.000012,-0.000001,-0.000001,0.000001,1.08442,2.896055,-3.468226,-2.733888,25.722248,74.86153,0.000018,27.212622,-0.000014,-0.000001,-0.000003,0.000002,-8.415146,4.257072,2.411405,24.470814,9.084735,0.719921,-14.18641,2.915046,-3.29511,-0.454509,0.000004,0.000001,0.0,-0.000001,-0.0,-8.44807,-13.758344,-6.111902,18.635262,-4.294659,-1.547241,-7.627205,-4.167293,7.087783,0.000004,0.000011,-0.000005,0.0,-0.000002,0.0],[0.758307,95.88394,0.772595,-1.64232,-0.090088,-1.345586,1.068002,-0.075908,-0.025122,1.214972,-2.383567,0.08085,1.212648,-2.380219,0.128781,-2.484438,0.831701,-1.316151,-2.502309,0.794663,-1.339317,-0.0,-0.0,-0.0,-0.340192,7.157643,-0.360846,2.339938,-24.672655,-70.56967,-0.000009,-29.187765,-0.000014,0.0,0.000002,0.000001,1.090521,2.925469,-3.460741,-2.733707,25.763502,74.907616,0.000008,27.226852,0.00002,-0.000001,0.000001,-0.0,-8.38892,4.221634,2.407632,24.53231,9.062468,0.665069,-14.253519,2.939975,-3.223194,-0.462995,0.000001,-0.0,-0.0,-0.000002,-0.0,-8.381568,-13.780652,-6.121278,18.58156,-4.331462,-1.575272,-7.599525,-4.131685,7.158782,-0.000054,0.000001,0.0,0.0,-0.000001,0.0],[0.826126,95.87617,0.79859,-1.67067,-0.073684,-1.369474,1.079321,-0.068738,-0.035639,1.23824,-2.367496,0.065748,1.236527,-2.364209,0.114448,-2.415304,0.82947,-1.312022,-2.433162,0.792508,-1.334863,-0.0,0.0,-0.0,-0.338439,7.145291,-0.370283,2.353471,-24.629438,-70.536026,0.000004,-29.165178,-0.000024,-0.000002,-0.000001,0.000001,1.09718,2.954243,-3.451942,-2.725263,25.803728,74.95379,-0.00002,27.245716,0.000024,-0.000001,-0.000003,-0.0,-8.368691,4.153664,2.400546,24.613974,9.070243,0.607382,-14.329626,2.963152,-3.160257,-0.471421,0.000006,-0.000002,0.0,-0.000001,-0.0,-8.32647,-13.79856,-6.132803,18.557877,-4.357557,-1.602806,-7.588445,-4.11202,7.227851,0.000002,0.000006,0.000002,0.0,0.000001,0.0],[0.891293,95.86433,0.824132,-1.699908,-0.055037,-1.394109,1.091121,-0.060966,-0.047446,1.262346,-2.350904,0.049221,1.261306,-2.34766,0.09872,-2.340876,0.825916,-1.304556,-2.358701,0.789131,-1.327002,-0.0,0.0,0.0,-0.33601,7.116298,-0.374969,2.369708,-24.568596,-70.50861,0.000007,-29.140194,0.000032,-0.000002,0.000002,-0.000002,1.105905,2.989572,-3.43649,-2.705656,25.839685,74.99259,0.000012,27.271511,0.000003,0.000002,-0.0,-0.000002,-8.35958,4.051944,2.390732,24.724033,9.110917,0.549063,-14.418717,2.983799,-3.10871,-0.478455,0.000001,-0.000001,-0.0,-0.000001,0.0,-8.287642,-13.812508,-6.145747,18.572716,-4.372757,-1.630034,-7.598212,-4.108245,7.29532,-0.000072,-0.000004,-0.000002,0.0,-0.000002,0.000001],[0.953977,95.847855,0.848933,-1.729218,-0.034257,-1.420962,1.103284,-0.052323,-0.060581,1.287008,-2.333349,0.031335,1.286702,-2.330132,0.081651,-2.260845,0.820196,-1.291328,-2.278678,0.783784,-1.313302,0.0,0.0,0.0,-0.332823,7.062802,-0.36834,2.385693,-24.487663,-70.497215,-0.000016,-29.11266,-0.000022,-0.000001,0.0,-0.0,1.118069,3.038183,-3.409361,-2.672574,25.867407,75.01721,0.000014,27.305805,0.000042,0.000001,-0.0,-0.0,-8.365839,3.919316,2.379254,24.868177,9.183336,0.492513,-14.523458,3.001243,-3.070092,-0.485295,0.000015,-0.000001,0.0,-0.000001,-0.0,-8.267537,-13.823838,-6.159235,18.629261,-4.378104,-1.657093,-7.630197,-4.118361,7.361439,-0.000036,-0.000001,-0.000004,0.000001,0.000001,0.0],[1.014208,95.82647,0.872785,-1.75798,-0.011724,-1.450927,1.115679,-0.04265,-0.075051,1.311915,-2.314584,0.012251,1.312406,-2.311364,0.063383,-2.175157,0.811705,-1.270472,-2.192986,0.775915,-1.291857,-0.0,0.0,0.0,-0.328867,6.979137,-0.344317,2.398973,-24.384232,-70.51038,-0.000018,-29.08243,-0.000029,0.0,0.000002,-0.0,1.134724,3.105394,-3.367847,-2.624623,25.882906,75.02257,-0.000016,27.34933,0.000006,0.000003,0.000003,-0.000002,-8.389719,3.762688,2.367197,25.048494,9.282386,0.439989,-14.644822,3.015218,-3.044677,-0.491348,0.000003,-0.000002,0.0,-0.0,0.0,-8.267474,-13.834742,-6.172684,18.72829,-4.374276,-1.684253,-7.684687,-4.139055,7.426225,-0.00006,-0.000016,-0.000002,0.0,-0.000001,0.0],[1.071955,95.800354,0.89557,-1.785826,0.011967,-1.484367,1.128164,-0.031924,-0.09069,1.336741,-2.294605,-0.007793,1.338094,-2.291361,0.044145,-2.084016,0.800147,-1.240928,-2.101887,0.765259,-1.261616,-0.0,0.0,-0.0,-0.324135,6.862653,-0.29841,2.407809,-24.256882,-70.554634,-0.000012,-29.049671,-0.000025,-0.000001,-0.000001,0.000001,1.156476,3.194744,-3.310151,-2.561562,25.882586,75.00578,-0.000009,27.401974,0.000033,0.000001,0.0,-0.000001,-8.431526,3.591972,2.355942,25.263285,9.399566,0.393243,-14.78209,3.025928,-3.031502,-0.495513,0.00001,-0.000001,0.0,-0.000001,-0.0,-8.286999,-13.847946,-6.185731,18.867167,-4.362455,-1.711817,-7.760243,-4.16632,7.489645,-0.000049,-0.000009,0.000002,0.000001,-0.000001,0.0],[1.127113,95.770035,0.917272,-1.812646,0.036094,-1.521015,1.140587,-0.020264,-0.107249,1.361179,-2.273658,-0.028494,1.363439,-2.270358,0.02423,-1.987899,0.785555,-1.202565,-2.00582,0.751856,-1.222436,-0.0,0.0,-0.0,-0.318588,6.714036,-0.228633,2.411503,-24.10584,-70.63349,0.000006,-29.014662,0.000006,0.0,-0.000003,0.000002,1.183417,3.307663,-3.235931,-2.484156,25.864323,74.96599,0.000014,27.462772,0.000038,0.0,-0.000002,0.0,-8.489619,3.418586,2.346678,25.507524,9.524338,0.353436,-14.932899,3.03405,-3.028481,-0.49653,-0.000004,0.000001,0.0,-0.000001,-0.0,-8.324869,-13.866284,-6.198332,19.04179,-4.343275,-1.740468,-7.85473,-4.19619,7.551689,-0.000028,-0.000002,0.000002,0.0,0.000001,0.0],[1.179491,95.73616,0.937957,-1.838471,0.059928,-1.56001,1.152806,-0.007919,-0.124394,1.384942,-2.252229,-0.049523,1.388136,-2.248853,0.003958,-1.887489,0.768299,-1.156171,-1.905476,0.736034,-1.175119,0.0,0.0,0.0,-0.312154,6.537209,-0.136111,2.410629,-23.933529,-70.74626,-0.000005,-28.978065,-0.000026,-0.0,-0.000002,0.0,1.215236,3.443676,-3.146756,-2.394244,25.82738,74.90431,0.000025,27.530325,0.0,0.0,0.000001,-0.000002,-8.561538,3.253611,2.340461,25.775232,9.645695,0.320878,-15.094575,3.040754,-3.032858,-0.494872,-0.000006,-0.000002,-0.0,-0.000002,-0.0,-8.378286,-13.891995,-6.210762,19.245125,-4.317251,-1.770614,-7.964498,-4.225228,7.612131,-0.000055,0.000003,-0.000004,0.0,0.000003,0.0],[1.228926,95.69938,0.957723,-1.863421,0.082854,-1.600128,1.164672,0.004764,-0.141743,1.407774,-2.230981,-0.070562,1.411913,-2.227518,-0.016353,-1.783643,0.749013,-1.103341,-1.801707,0.718372,-1.1213,-0.0,0.0,-0.0,-0.304734,6.33877,-0.02458,2.406818,-23.744766,-70.888535,-0.000019,-28.940685,-0.000024,-0.000001,-0.000002,0.000002,1.251255,3.600641,-3.044903,-2.294219,25.773014,74.82326,0.000007,27.602882,0.000001,-0.000001,-0.000003,0.000001,-8.644238,3.106132,2.337874,26.059523,9.754125,0.295226,-15.263936,3.047314,-3.041608,-0.490993,-0.000001,-0.000003,-0.0,0.0,-0.0,-8.445576,-13.925788,-6.223904,19.473017,-4.285494,-1.802352,-8.087428,-4.25128,7.670843,-0.000082,0.000004,-0.000002,0.0,-0.000001,0.0],[1.275264,95.66066,0.97669,-1.887552,0.104448,-1.639949,1.176047,0.017379,-0.15895,1.429443,-2.210693,-0.091342,1.434526,-2.207153,-0.03643,-1.677289,0.728507,-1.046228,-1.695475,0.699595,-1.063154,0.0,0.0,0.0,-0.296268,6.126958,0.099696,2.402365,-23.546438,-71.05296,-0.000014,-28.903444,0.000022,0.000002,-0.0,0.000001,1.29065,3.77534,-2.933188,-2.186696,25.703995,74.725716,0.000005,27.678812,0.000013,0.000001,0.0,-0.000001,-8.733899,2.982237,2.339118,26.352377,9.842703,0.27542,-15.437228,3.054907,-3.051797,-0.485489,0.000013,0.000001,-0.0,-0.000001,-0.0,-8.523478,-13.966809,-6.238326,19.718292,-4.249576,-1.835438,-8.219824,-4.273036,7.727583,-0.000075,0.000008,-0.000002,0.0,0.000001,0.000001],[1.318271,95.620415,0.994962,-1.910831,0.124503,-1.678078,1.186777,0.029507,-0.175659,1.449763,-2.192157,-0.11168,1.455767,-2.18855,-0.056088,-1.569348,0.707671,-0.98726,-1.58764,0.680514,-1.003154,-0.0,0.0,-0.0,-0.286796,5.910543,0.229099,2.399997,-23.346733,-71.22976,-0.000011,-28.86745,-0.000026,0.000002,0.0,0.0,1.332563,3.964087,-2.814255,-2.074093,25.624472,74.61454,0.000023,27.756851,0.000004,0.000002,0.0,-0.000001,-8.828858,2.884664,2.344083,26.65026,9.907596,0.260098,-15.61281,3.064392,-3.061354,-0.47903,0.000015,0.000001,0.0,0.000001,-0.0,-8.610486,-14.012126,-6.254771,19.977867,-4.21212,-1.869321,-8.36016,-4.29042,7.782302,-0.000068,0.000006,0.000003,0.0,0.000001,0.0],[1.357781,95.5792,1.012616,-1.933116,0.142998,-1.713304,1.196727,0.04076,-0.191654,1.468571,-2.176092,-0.1315,1.475458,-2.172458,-0.075255,-1.460654,0.687345,-0.928818,-1.479072,0.661886,-0.943697,-0.0,0.0,0.0,-0.276464,5.697709,0.355597,2.402378,-23.154264,-71.40837,-0.000004,-28.833563,-0.000014,0.000001,0.000002,-0.0,1.376271,4.163241,-2.690671,-1.958276,25.53914,74.49175,0.000008,27.836197,-0.000005,0.000002,0.000001,-0.000002,-8.926196,2.813466,2.352302,26.94701,9.947995,0.247819,-15.787564,3.076022,-3.068711,-0.471869,0.000005,-0.000001,-0.0,-0.000002,0.0,-8.70466,-14.057532,-6.273619,20.24797,-4.176686,-1.903155,-8.506417,-4.303901,7.835086,-0.000017,0.000006,0.000001,0.0,0.000001,0.0],[1.393588,95.53739,1.029702,-1.954185,0.160037,-1.744811,1.205751,0.050828,-0.206767,1.485737,-2.163052,-0.150861,1.493465,-2.159435,-0.093985,-1.351886,0.668235,-0.872921,-1.370401,0.64436,-0.886816,-0.0,-0.0,-0.0,-0.265504,5.494945,0.471917,2.411713,-22.976965,-71.57886,-0.000002,-28.802555,0.000001,-0.000001,-0.000002,0.000001,1.421278,4.369745,-2.563836,-1.84035,25.452888,74.35829,0.000001,27.91675,0.000011,0.000001,0.000003,-0.000001,-9.024856,2.766725,2.363337,27.240463,9.965241,0.23722,-15.960501,3.08952,-3.073187,-0.464787,0.000004,0.000001,-0.0,0.0,-0.0,-8.805589,-14.098045,-6.294998,20.528324,-4.14711,-1.935982,-8.658525,-4.314325,7.886058,0.000003,0.000015,-0.000005,0.0,-0.0,0.0],[1.425569,95.49529,1.046226,-1.973781,0.175743,-1.772047,1.213718,0.059507,-0.221058,1.501152,-2.153364,-0.169942,1.509672,-2.149824,-0.11246,-1.243528,0.650851,-0.821009,-1.262148,0.628386,-0.834008,0.0,-0.0,0.0,-0.254198,5.306421,0.572487,2.429553,-22.82104,-71.73307,-0.000026,-28.77484,-0.000022,-0.000001,0.000002,-0.000001,1.467362,4.581467,-2.434578,-1.720627,25.370047,74.21379,0.000022,27.999022,-0.000028,0.000001,0.000002,-0.000002,-9.123899,2.741665,2.376723,27.528378,9.961985,0.227353,-16.13022,3.104207,-3.074737,-0.458608,0.000018,-0.0,0.0,0.0,-0.0,-8.910593,-14.129178,-6.318342,20.813828,-4.127721,-1.966822,-8.813697,-4.322119,7.935403,-0.00002,0.000023,-0.000003,0.0,0.000001,0.0],[1.453541,95.45302,1.062174,-1.991681,0.190193,-1.794999,1.22053,0.066715,-0.234595,1.514749,-2.147084,-0.189033,1.524017,-2.143689,-0.13097,-1.135872,0.63545,-0.773799,-1.154579,0.614216,-0.78599,-0.0,-0.0,-0.0,-0.242778,5.133535,0.654145,2.456586,-22.690367,-71.86581,0.000024,-28.75046,0.000042,-0.000002,-0.000002,0.000001,1.51455,4.797345,-2.302575,-1.598599,25.293995,74.05662,0.000037,28.084087,-0.000039,0.000001,0.000001,-0.000001,-9.223372,2.735347,2.392338,27.810661,9.941148,0.217659,-16.29663,3.119261,-3.073807,-0.453802,0.000002,-0.000002,0.0,0.000001,-0.0,-9.019854,-14.147245,-6.343116,21.105488,-4.12174,-1.994925,-8.972533,-4.32746,7.983304,-0.000027,-0.000001,0.000002,-0.0,-0.000001,0.0],[1.477453,95.4108,1.07751,-2.007738,0.203327,-1.813898,1.22612,0.072495,-0.247612,1.526492,-2.143998,-0.208478,1.536477,-2.140819,-0.149873,-1.029029,0.622053,-0.731294,-1.047801,0.60187,-0.74273,-0.0,0.0,-0.000001,-0.231385,4.974931,0.716287,2.492735,-22.585852,-71.97455,-0.000019,-28.729109,-0.000036,-0.000001,-0.000003,0.000001,1.563071,5.01733,-2.166935,-1.473432,25.227114,73.884544,-0.000013,28.173235,-0.000003,0.000003,0.000003,-0.0,-9.322665,2.745298,2.410073,28.085941,9.905496,0.208094,-16.458878,3.133779,-3.070961,-0.450177,0.000013,-0.000001,0.0,0.0,-0.0,-9.131713,-14.150402,-6.368377,21.400099,-4.131712,-2.019757,-9.13327,-4.329689,8.02987,-0.000049,0.000004,0.000002,-0.0,0.000001,0.0],[1.497295,95.36858,1.09216,-2.02191,0.214929,-1.829307,1.230463,0.077006,-0.260404,1.536401,-2.143643,-0.228649,1.547092,-2.140741,-0.169537,-0.923003,0.610477,-0.692839,-0.941815,0.591196,-0.703614,0.0,0.0,0.000001,-0.220034,4.826974,0.761144,2.537035,-22.50568,-72.06058,-0.000009,-28.710232,-0.000036,-0.0,-0.000001,-0.0,1.613257,5.242173,-2.026524,-1.344086,25.170424,73.69486,-0.000007,28.267864,0.000018,0.000003,-0.000001,0.0,-9.422142,2.769484,2.430097,28.35486,9.857412,0.198954,-16.617195,3.147179,-3.067021,-0.447784,0.0,-0.0,-0.0,-0.000002,-0.0,-9.246519,-14.138538,-6.393516,21.698519,-4.158562,-2.041253,-9.296343,-4.32775,8.075329,-0.000027,-0.000001,0.000004,0.0,-0.000001,0.0],[1.513238,95.32633,1.106039,-2.034232,0.224633,-1.841968,1.233608,0.080494,-0.273256,1.544559,-2.145363,-0.249861,1.555963,-2.142799,-0.190293,-0.817745,0.600385,-0.657335,-0.836609,0.581895,-0.667481,0.0,0.0,0.0,-0.208628,4.684259,0.792744,2.58786,-22.44542,-72.12768,0.000018,-28.69302,0.000007,0.0,-0.000001,0.0,1.665409,5.473018,-1.880054,-1.209871,25.124065,73.48551,-0.000001,28.369028,-0.000012,0.000005,-0.000002,0.000001,-9.522499,2.806244,2.45261,28.619041,9.798781,0.190801,-16.772394,3.159132,-3.062793,-0.446271,0.000004,-0.000003,0.0,0.0,-0.0,-9.363211,-14.113432,-6.417684,21.998178,-4.201799,-2.059617,-9.460305,-4.320127,8.119716,-0.000033,0.00002,-0.000004,-0.0,-0.000001,0.0],[1.525525,95.28407,1.119054,-2.044823,0.231954,-1.852626,1.235668,0.083259,-0.286469,1.55112,-2.148398,-0.272329,1.563276,-2.146209,-0.212349,-0.713251,0.591389,-0.623488,-0.73215,0.573623,-0.633071,-0.0,0.0,-0.0,-0.196967,4.540685,0.816563,2.642951,-22.398949,-72.18174,-0.000018,-28.67668,-0.000011,-0.000003,-0.0,0.0,1.719682,5.710893,-1.726431,-1.070699,25.087643,73.25494,-0.000003,28.4772,-0.000007,0.000001,0.000001,-0.0,-9.623888,2.853999,2.477633,28.87903,9.731794,0.184332,-16.924646,3.169539,-3.059095,-0.445427,0.000005,-0.000001,0.0,0.0,-0.0,-9.482263,-14.078044,-6.440618,22.299517,-4.259492,-2.075394,-9.625256,-4.305542,8.163074,-0.000003,0.000006,0.0,0.0,0.000001,0.0],[1.534634,95.24181,1.131095,-2.053815,0.236371,-1.862054,1.236845,0.085619,-0.300221,1.556332,-2.151964,-0.296093,1.569291,-2.150169,-0.235759,-0.609624,0.583101,-0.590078,-0.628562,0.566041,-0.599119,-0.0,-0.0,-0.0,-0.184839,4.390266,0.838636,2.699747,-22.359182,-72.22963,-0.000003,-28.660416,-0.000018,0.000002,0.000001,-0.000001,1.775975,5.956255,-1.565681,-0.927509,25.060593,73.00358,0.000019,28.59214,-0.000022,-0.000001,0.000001,-0.000001,-9.726322,2.910746,2.504912,29.135153,9.658748,0.180157,-17.07411,3.178482,-3.056505,-0.444958,-0.000007,-0.0,0.0,-0.000002,-0.0,-9.603027,-14.036318,-6.462001,22.600365,-4.328092,-2.089272,-9.78993,-4.283251,8.205306,-0.000028,-0.000001,0.000002,-0.0,0.000002,0.0],[1.540976,95.19952,1.142035,-2.061362,0.237386,-1.870938,1.237404,0.087863,-0.314555,1.560512,-2.155355,-0.321011,1.574346,-2.153956,-0.260364,-0.507118,0.575227,-0.556203,-0.52607,0.558883,-0.564752,-0.0,-0.0,-0.0,-0.171973,4.228154,0.864397,2.755517,-22.319242,-72.278206,-0.000019,-28.643768,0.00002,0.0,-0.000002,0.000002,1.833887,6.208587,-1.398788,-0.782353,25.042479,72.73344,-0.000003,28.71263,-0.000015,0.000001,-0.0,-0.0,-9.830367,2.973717,2.534025,29.389112,9.582927,0.178816,-17.22157,3.186264,-3.05603,-0.444707,-0.000008,0.000001,0.000001,-0.000002,-0.0,-9.725949,-13.992367,-6.481928,22.900532,-4.402827,-2.101992,-9.953986,-4.25351,8.246048,-0.000024,-0.000002,-0.000003,-0.0,-0.0,0.0],[1.545041,95.1573,1.151743,-2.067602,0.234603,-1.87972,1.237681,0.090229,-0.329427,1.564069,-2.15802,-0.346709,1.578847,-2.156993,-0.285787,-0.406165,0.567612,-0.52148,-0.425133,0.552008,-0.529525,0.0,-0.0,-0.0,-0.158156,4.051214,0.89757,2.807583,-22.273115,-72.3331,0.000016,-28.626566,0.000003,-0.000001,-0.000002,0.000001,1.892651,6.46604,-1.227433,-0.63834,25.033463,72.4485,0.000026,28.836618,-0.000007,0.000003,0.000001,-0.0,-9.93512,3.039328,2.564009,29.6394,9.508405,0.180568,-17.366007,3.19315,-3.058374,-0.444402,-0.000011,-0.000002,0.0,-0.000002,-0.0,-9.850723,-13.950134,-6.500619,23.198435,-4.4782,-2.114206,-10.116452,-4.217598,8.284762,-0.000024,-0.0,-0.000003,0.0,-0.0,0.0],[1.547232,95.11539,1.160093,-2.072692,0.227799,-1.888762,1.238054,0.09286