{"joints":[{"name":"Model_Hips","offset":[0.0,96.91508,0.0],"parent_index":null,"pose_refs":[{"pose_index":0,"data_type":"PositionX"},{"pose_index":1,"data_type":"PositionY"},{"pose_index":2,"data_type":"PositionZ"},{"pose_index":3,"data_type":"RotationX"},{"pose_index":4,"data_type":"RotationY"},{"pose_index":5,"data_type":"RotationZ"}]},{"name":"Model_Spine","offset":[0.0,11.137703,-1.2899],"parent_index":0,"pose_refs":[{"pose_index":6,"data_type":"RotationX"},{"pose_index":7,"data_type":"RotationY"},{"pose_index":8,"data_type":"RotationZ"}]},{"name":"Model_Spine1","offset":[0.0,12.993942,-1.504922],"parent_index":1,"pose_refs":[{"pose_index":9,"data_type":"RotationX"},{"pose_index":10,"data_type":"RotationY"},{"pose_index":11,"data_type":"RotationZ"}]},{"name":"Model_Spine2","offset":[0.0,14.85022,-1.719911],"parent_index":2,"pose_refs":[{"pose_index":12,"data_type":"RotationX"},{"pose_index":13,"data_type":"RotationY"},{"pose_index":14,"data_type":"RotationZ"}]},{"name":"Model_Neck","offset":[0.0,16.706543,-1.934903],"parent_index":3,"pose_refs":[{"pose_index":15,"data_type":"RotationX"},{"pose_index":16,"data_type":"RotationY"},{"pose_index":17,"data_type":"RotationZ"}]},{"name":"Model_Head","offset":[0.0,10.471298,2.0021],"parent_index":4,"pose_refs":[{"pose_index":18,"data_type":"RotationX"},{"pose_index":19,"data_type":"RotationY"},{"pose_index":20,"data_type":"RotationZ"}]},{"name":"Model_HeadTop_End","offset":[0.0,20.842606,3.9851],"parent_index":5,"pose_refs":[{"pose_index":21,"data_type":"RotationX"},{"pose_index":22,"data_type":"RotationY"},{"pose_index":23,"data_type":"RotationZ"}]},{"name":"Model_LeftShoulder","offset":[7.0085,14.7686,-1.919946],"parent_index":3,"pose_refs":[{"pose_index":24,"data_type":"RotationX"},{"pose_index":25,"data_type":"RotationY"},{"pose_index":26,"data_type":"RotationZ"}]},{"name":"Model_LeftArm","offset":[14.126271,-3.718048,0.029937],"parent_index":7,"pose_refs":[{"pose_index":27,"data_type":"RotationX"},{"pose_index":28,"data_type":"RotationY"},{"pose_index":29,"data_type":"RotationZ"}]},{"name":"Model_LeftForeArm","offset":[28.2828,0.0,0.0],"parent_index":8,"pose_refs":[{"pose_index":30,"data_type":"RotationX"},{"pose_index":31,"data_type":"RotationY"},{"pose_index":32,"data_type":"RotationZ"}]},{"name":"Model_LeftHand","offset":[26.204689,0.0,0.0],"parent_index":9,"pose_refs":[{"pose_index":33,"data_type":"RotationX"},{"pose_index":34,"data_type":"RotationY"},{"pose_index":35,"data_type":"RotationZ"}]},{"name":"Model_RightShoulder","offset":[-7.0085,14.768555,-1.94984],"parent_index":3,"pose_refs":[{"pose_index":36,"data_type":"RotationX"},{"pose_index":37,"data_type":"RotationY"},{"pose_index":38,"data_type":"RotationZ"}]},{"name":"Model_RightArm","offset":[-14.126281,-3.718018,-0.029932],"parent_index":11,"pose_refs":[{"pose_index":39,"data_type":"RotationX"},{"pose_index":40,"data_type":"RotationY"},{"pose_index":41,"data_type":"RotationZ"}]},{"name":"Model_RightForeArm","offset":[-28.283798,0.0,-0.000001],"parent_index":12,"pose_refs":[{"pose_index":42,"data_type":"RotationX"},{"pose_index":43,"data_type":"RotationY"},{"pose_index":44,"data_type":"RotationZ"}]},{"name":"Model_RightHand","offset":[-26.204193,0.0,-0.000001],"parent_index":13,"pose_refs":[{"pose_index":45,"data_type":"RotationX"},{"pose_index":46,"data_type":"RotationY"},{"pose_index":47,"data_type":"RotationZ"}]},{"name":"Model_LeftUpLeg","offset":[8.3277,-6.193199,-0.4028],"parent_index":0,"pose_refs":[{"pose_index":48,"data_type":"RotationX"},{"pose_index":49,"data_type":"RotationY"},{"pose_index":50,"data_type":"RotationZ"}]},{"name":"Model_LeftLeg","offset":[0.735802,-42.10874,-0.610721],"parent_index":15,"pose_refs":[{"pose_index":51,"data_type":"RotationX"},{"pose_index":52,"data_type":"RotationY"},{"pose_index":53,"data_type":"RotationZ"}]},{"name":"Model_LeftFoot","offset":[-0.735806,-36.833748,-0.172876],"parent_index":16,"pose_refs":[{"pose_index":54,"data_type":"RotationX"},{"pose_index":55,"data_type":"RotationY"},{"pose_index":56,"data_type":"RotationZ"}]},{"name":"Model_LeftToeBase","offset":[-0.565857,-11.977769,16.297714],"parent_index":17,"pose_refs":[{"pose_index":57,"data_type":"RotationX"},{"pose_index":58,"data_type":"RotationY"},{"pose_index":59,"data_type":"RotationZ"}]},{"name":"Model_LeftToe_End","offset":[-0.111712,-0.312793,7.857784],"parent_index":18,"pose_refs":[{"pose_index":60,"data_type":"RotationX"},{"pose_index":61,"data_type":"RotationY"},{"pose_index":62,"data_type":"RotationZ"}]},{"name":"Model_RightUpLeg","offset":[-8.3277,-6.193199,-0.5165],"parent_index":0,"pose_refs":[{"pose_index":63,"data_type":"RotationX"},{"pose_index":64,"data_type":"RotationY"},{"pose_index":65,"data_type":"RotationZ"}]},{"name":"Model_RightLeg","offset":[-0.735785,-42.108738,-0.434061],"parent_index":20,"pose_refs":[{"pose_index":66,"data_type":"RotationX"},{"pose_index":67,"data_type":"RotationY"},{"pose_index":68,"data_type":"RotationZ"}]},{"name":"Model_RightFoot","offset":[0.735776,-36.833748,-0.02163],"parent_index":21,"pose_refs":[{"pose_index":69,"data_type":"RotationX"},{"pose_index":70,"data_type":"RotationY"},{"pose_index":71,"data_type":"RotationZ"}]},{"name":"Model_RightToeBase","offset":[0.565817,-11.977745,15.903093],"parent_index":22,"pose_refs":[{"pose_index":72,"data_type":"RotationX"},{"pose_index":73,"data_type":"RotationY"},{"pose_index":74,"data_type":"RotationZ"}]},{"name":"Model_RightToe_End","offset":[0.111702,-0.312791,7.811342],"parent_index":23,"pose_refs":[{"pose_index":75,"data_type":"RotationX"},{"pose_index":76,"data_type":"RotationY"},{"pose_index":77,"data_type":"RotationZ"}]}],"trajectories":{"matrices":[[0.99854493,0.05040761,0.019160092,0.0,-0.052947566,0.98383474,0.17107236,0.0,-0.010227015,-0.17183793,0.98507214,0.0,-0.231702,93.72711,1.647629,1.0],[0.9972058,0.06443645,0.03779649,0.0,-0.07115719,0.9733567,0.21797562,0.0,-0.022743894,-0.22005603,0.97522205,0.0,0.31935504,99.55433,39.111477,1.0],[0.99624467,0.07260048,-0.047178138,0.0,-0.059760574,0.9708607,0.23207358,0.0,0.06265205,-0.22838268,0.97155344,0.0,-0.09618953,93.362564,77.32874,1.0],[0.9875775,-0.03583733,-0.15299131,0.0,0.07907455,0.9547221,0.28679773,0.0,0.13578613,-0.2953327,0.9456959,0.0,0.6124189,99.81519,114.80569,1.0],[0.9936061,-0.023598865,-0.11040845,0.0,0.044580825,0.98045313,0.1916357,0.0,0.10372793,-0.1953325,0.97523624,0.0,0.5556527,94.75657,159.93297,1.0],[0.99709517,0.06570566,0.038522817,0.0,-0.071325526,0.9829228,0.16963343,0.0,-0.026719078,-0.17188834,0.984754,0.0,-0.121777944,94.756966,200.61208,1.0],[0.99809116,0.059283014,0.017306216,0.0,-0.061643977,0.9733194,0.22101878,0.0,-0.003741817,-0.22166373,0.975116,0.0,0.2216226,99.20467,239.07185,1.0],[0.95035815,-0.16726966,0.26237434,0.0,0.05961381,0.9254772,0.37408307,0.0,-0.30539423,-0.33987173,0.88950634,0.0,0.124194,82.77024,2.156006,1.0],[0.9954501,0.058581606,-0.07514903,0.0,-0.024970405,0.9214988,0.38757765,0.0,0.09195466,-0.38393772,0.9187688,0.0,1.1528685,87.69686,69.30827,1.0],[0.9692065,0.09934719,-0.22531953,0.0,-0.01811093,0.94128567,0.33712503,0.0,0.24558246,-0.32266304,0.91409945,0.0,1.4902374,81.084854,130.69879,1.0],[0.98763484,-0.14945266,0.04734267,0.0,0.119094074,0.9116283,0.39338332,0.0,-0.10195109,-0.38288087,0.9181548,0.0,1.0591371,88.17784,203.27484,1.0],[0.9985415,-0.025344826,-0.047671586,0.0,0.021663219,0.9968557,-0.076219685,0.0,0.049453467,0.0750758,0.9959508,0.0,0.244185,96.49411,0.265634,1.0],[0.99375284,-0.017854543,-0.11016561,0.0,0.014378003,0.9993757,-0.032271553,0.0,0.110673025,0.030485986,0.9933892,0.0,0.50714356,92.16326,21.187073,1.0],[0.99302757,0.00296714,-0.11784502,0.0,-0.008300847,0.9989617,-0.044795368,0.0,0.11758975,0.04546125,0.99202114,0.0,5.721486,90.894066,45.419113,1.0],[0.95468664,-0.028587282,-0.2962368,0.0,0.004834545,0.9967343,-0.08060595,0.0,0.2975737,0.07552125,0.9517071,0.0,11.286853,94.67889,67.264175,1.0],[0.89052755,-0.031103684,-0.45386478,0.0,0.0051645804,0.9982869,-0.058279917,0.0,0.4549,0.049555853,0.88916266,0.0,16.16091,95.09404,86.37873,1.0],[0.84642005,-0.010521954,-0.5324118,0.0,-0.008389104,0.99941725,-0.03308816,0.0,0.5324497,0.032472942,0.84583855,0.0,22.255703,91.4741,107.54712,1.0],[0.79336524,-0.07695926,-0.60386163,0.0,0.01833913,0.99454784,-0.10265603,0.0,0.60846967,0.07036943,0.79045105,0.0,29.265087,93.3113,130.28035,1.0],[0.99618316,-0.02284849,0.084243916,0.0,0.03067854,0.9952069,-0.092855036,0.0,-0.08171853,0.0950851,0.9921093,0.0,0.370187,97.632675,-0.875546,1.0],[0.99617517,-0.016061343,0.08588979,0.0,0.024017356,0.9954308,-0.092415385,0.0,-0.08401303,0.09412476,0.9920092,0.0,0.58476925,97.608025,-0.6568686,1.0],[0.9962641,-0.016805079,0.08470795,0.0,0.023635518,0.9964914,-0.08028884,0.0,-0.08306148,0.081991,0.9931658,0.0,1.2183981,97.25449,0.073753476,1.0],[0.9958334,-0.018721959,0.08924892,0.0,0.023781208,0.99814945,-0.05596491,0.0,-0.08803599,0.057854176,0.9944358,0.0,2.6665995,96.858734,2.4279227,1.0],[0.9935989,-0.028003238,0.10944005,0.0,0.03308481,0.99844366,-0.044895586,0.0,-0.108012505,0.048229005,0.992979,0.0,4.67543,96.14744,5.686911,1.0],[0.99334323,-0.05675111,0.10024244,0.0,0.06275005,0.9963577,-0.057739347,0.0,-0.096600555,0.06364521,0.99328625,0.0,5.2725964,95.30112,9.361705,1.0],[0.99278736,-0.08466545,0.084882416,0.0,0.084778875,0.9963972,0.002273877,0.0,-0.08476912,0.00493876,0.9963884,0.0,4.431713,95.16599,16.429829,1.0],[0.9991704,-0.04034769,-0.005529934,0.0,0.040561076,0.9981011,0.046356644,0.0,0.00364905,-0.046542484,0.99890965,0.0,1.7915947,92.73328,26.763006,1.0],[0.99539876,-0.09565203,-0.0056526926,0.0,0.09578572,0.9948736,0.032428805,0.0,0.0025218339,-0.03282104,0.9994581,0.0,-1.960442,93.601295,41.32021,1.0],[0.9957581,-0.09105819,-0.013199335,0.0,0.09002564,0.99383867,-0.06465377,0.0,0.019005263,0.063191235,0.99782044,0.0,-4.1522417,94.71597,54.103893,1.0],[0.9993084,-0.033237807,0.016670575,0.0,0.034609377,0.99532586,-0.090158544,0.0,-0.013595982,0.090673156,0.9957879,0.0,-4.522628,96.105446,65.97064,1.0],[0.9962624,-0.06993734,0.0506956,0.0,0.07277448,0.9957488,-0.05646336,0.0,-0.04653119,0.059941664,0.99711674,0.0,-3.9637477,92.834885,79.549194,1.0],[0.993808,0.0014491167,0.111101836,0.0,0.006913024,0.99717134,-0.07484338,0.0,-0.11089602,0.075148,0.9909868,0.0,-1.5638185,92.59346,98.19447,1.0],[0.99502647,0.020862829,0.09740156,0.0,-0.007802226,0.9911401,-0.13259096,0.0,-0.09930481,0.13117157,0.9863734,0.0,0.9144041,94.26451,112.04154,1.0],[0.9994446,-0.031958647,-0.009442784,0.0,0.030205423,0.98846513,-0.14840582,0.0,0.014076712,0.14803818,0.98888147,0.0,1.9840585,95.91332,124.513176,1.0],[0.9988193,0.0085016815,-0.04783058,0.0,-0.013293267,0.9948209,-0.100770704,0.0,0.046726137,0.10128755,0.9937593,0.0,2.2285395,94.37321,137.44461,1.0],[0.9920512,-0.029949248,-0.12221894,0.0,0.013905532,0.9914074,-0.13006909,0.0,0.12506424,0.12733568,0.98394334,0.0,0.17908442,92.12114,155.817,1.0],[0.9998221,-0.018709887,0.002386578,0.0,0.01876662,0.9994724,-0.026509155,0.0,-0.0018893355,0.026549228,0.9996457,0.0,0.191895,95.95428,0.742339,1.0],[0.9996923,-0.02476861,0.0013457317,0.0,0.024797935,0.99923766,-0.03015188,0.0,-0.0005978856,0.030175975,0.99954444,0.0,0.9539788,95.847855,0.8489337,1.0],[0.9995171,-0.031010399,-0.0019989577,0.0,0.030923007,0.99892545,-0.034520507,0.0,0.0030673044,0.034442022,0.999402,0.0,1.4255707,95.49529,1.046227,1.0],[0.9994441,-0.03323847,-0.0025820655,0.0,0.03312283,0.99879026,-0.036344692,0.0,0.0037869837,0.03623896,0.999336,0.0,1.5478159,95.0741,1.1669484,1.0],[0.9993771,-0.03528228,0.0007974943,0.0,0.035287242,0.9986649,-0.037724763,0.0,0.0005345859,0.037729405,0.99928784,0.0,1.4746932,94.7789,1.1648889,1.0],[0.99927753,-0.037913233,0.0026520172,0.0,0.037992448,0.99834406,-0.043193694,0.0,-0.0010100128,0.043263245,0.9990632,0.0,1.2614955,94.61049,1.1984407,1.0],[0.9993059,-0.036988955,0.004417241,0.0,0.03716067,0.99811685,-0.048803706,0.0,-0.002603725,0.04893398,0.9987986,0.0,0.8939742,94.48797,1.2380556,1.0],[0.99931234,-0.036767177,0.0048037423,0.0,0.03697191,0.9978805,-0.05354993,0.0,-0.0028246806,0.05369071,0.99855363,0.0,0.40908432,94.3726,1.2259134,1.0],[0.9993998,-0.03430409,0.0048338585,0.0,0.03452091,0.99783933,-0.05590115,0.0,-0.002905776,0.056034464,0.9984246,0.0,-0.198843,94.32118,1.125146,1.0],[0.9994922,-0.0315608,0.0043769083,0.0,0.03174682,0.99812454,-0.052340657,0.0,-0.0027167867,0.052453034,0.9986197,0.0,-0.9061586,94.370895,0.95571136,1.0],[0.99968517,-0.02494405,0.00271163,0.0,0.025044883,0.998553,-0.04758901,0.0,-0.0015206435,0.04764194,0.99886334,0.0,-1.7241387,94.56248,0.6899449,1.0],[0.9997954,-0.019845882,-0.0039246674,0.0,0.019653087,0.9988283,-0.044223838,0.0,0.00479773,0.044137657,0.99901396,0.0,-2.6049776,94.79389,0.47883257,1.0],[0.9998696,-0.015006475,-0.005965991,0.0,0.014762241,0.99912757,-0.039065838,0.0,0.0065470263,0.038972676,0.9992188,0.0,-3.5698261,95.02643,0.3106943,1.0],[0.9999437,-0.009407323,-0.004911899,0.0,0.009212211,0.99922234,-0.03833861,0.0,0.005268743,0.0382912,0.99925274,0.0,-4.621873,95.222206,0.22990385,1.0],[0.9999768,0.00084465754,-0.006758698,0.0,-0.0011052876,0.99925214,-0.03865183,0.0,0.006720996,0.038658403,0.9992299,0.0,-5.747847,95.535866,0.32288745,1.0],[0.99985427,0.012692606,-0.011417994,0.0,-0.013127238,0.9991595,-0.038832173,0.0,0.010915516,0.0389764,0.9991805,0.0,-6.8965697,95.93649,0.50863314,1.0],[0.99962455,0.023970086,-0.013275371,0.0,-0.024459522,0.9989775,-0.038022485,0.0,0.012350394,0.03833292,0.9991887,0.0,-8.02546,96.06957,0.8011625,1.0],[0.99912626,0.03612347,-0.021020267,0.0,-0.036868088,0.9986648,-0.036185894,0.0,0.019685041,0.036929253,0.999124,0.0,-9.110699,96.00206,0.96887827,1.0],[0.9986623,0.039982233,-0.032788347,0.0,-0.041196603,0.9984569,-0.03723752,0.0,0.031248914,0.038538475,0.9987684,0.0,-10.060849,95.81881,1.0672582,1.0],[0.9986678,0.03526662,-0.037668496,0.0,-0.036635872,0.99866915,-0.03630028,0.0,0.03633818,0.037631936,0.99863076,0.0,-10.850161,95.41673,0.9880088,1.0],[0.99886644,0.02853404,-0.03810064,0.0,-0.030006178,0.9988025,-0.038642272,0.0,0.036952395,0.039741725,0.99852645,0.0,-11.493581,94.87665,0.8785398,1.0],[0.9988467,0.02376366,-0.041719448,0.0,-0.02553247,0.9987748,-0.04238978,0.0,0.040660996,0.04340609,0.99822974,0.0,-11.656404,94.462715,0.76702744,1.0],[0.99897337,0.020201935,-0.04054686,0.0,-0.021983238,0.9987906,-0.04397795,0.0,0.039609384,0.04482415,0.99820936,0.0,-11.144219,94.71205,0.6863704,1.0],[0.9992054,0.016820524,-0.03613398,0.0,-0.018063292,0.9992467,-0.034346793,0.0,0.03552903,0.034972202,0.9987565,0.0,-10.222761,95.03959,0.5185218,1.0],[0.999516,0.01572833,-0.026839577,0.0,-0.016340638,0.9996077,-0.02274892,0.0,0.026471242,0.023176486,0.9993809,0.0,-9.062569,95.45173,0.29438275,1.0],[0.9997371,0.013098574,-0.018819084,0.0,-0.013395633,0.99978626,-0.015746614,0.0,0.018608803,0.01599457,0.9996989,0.0,-7.7919106,95.6716,0.14748968,1.0],[0.9997417,0.009165042,-0.020798597,0.0,-0.009294932,0.99993783,-0.0061570364,0.0,0.020740874,0.006348768,0.99976474,0.0,-6.545567,96.05471,0.04716736,1.0],[0.99969304,0.0043269247,-0.024394829,0.0,-0.0043246895,0.99999064,0.00014438626,0.0,0.024395224,-0.00003884188,0.9997024,0.0,-5.3046904,96.16554,0.20980015,1.0],[0.99978477,-0.004191896,-0.020318108,0.0,0.004193931,0.9999912,0.000057563993,0.0,0.020317687,-0.00014276436,0.9997936,0.0,-3.962647,96.32977,0.48436597,1.0],[0.9998532,-0.012420039,-0.011805914,0.0,0.012370407,0.99991435,-0.0042677517,0.0,0.011857908,0.0041210814,0.9999212,0.0,-2.448456,96.48211,0.590194,1.0],[0.99974126,-0.02186598,0.006271084,0.0,0.021916894,0.9997264,-0.008168462,0.0,-0.0060907565,0.00830379,0.99994695,0.0,-0.6605279,96.474174,0.42782632,1.0],[0.99923235,-0.029021805,0.026315209,0.0,0.029459001,0.9994317,-0.016381176,0.0,-0.025824845,0.017143821,0.99951947,0.0,1.3509351,96.20039,0.041917738,1.0],[0.9982513,-0.03876199,0.044630155,0.0,0.039728902,0.9989901,-0.020985479,0.0,-0.043771647,0.022721888,0.9987831,0.0,3.3360076,95.808624,-0.48033738,1.0],[0.996768,-0.05076692,0.062259555,0.0,0.05259085,0.9982231,-0.0280144,0.0,-0.060726725,0.03119814,0.9976668,0.0,4.988018,95.16337,-0.95484793,1.0],[0.9954673,-0.055140357,0.077487774,0.0,0.057923812,0.997737,-0.034143332,0.0,-0.075429745,0.038476963,0.99640846,0.0,5.9367447,94.72637,-1.215251,1.0],[0.9957065,-0.05105995,0.0772106,0.0,0.05370332,0.99802613,-0.032554816,0.0,-0.07539595,0.036561508,0.99648315,0.0,5.865729,94.64849,-1.2016022,1.0],[0.9968748,-0.04027813,0.06795825,0.0,0.042329133,0.9986823,-0.029014703,0.0,-0.06670004,0.03180064,0.9972662,0.0,4.771208,95.11352,-1.093004,1.0],[0.9977795,-0.02997951,0.059475157,0.0,0.031446677,0.99921995,-0.023887686,0.0,-0.05871262,0.025704939,0.99794394,0.0,3.0068092,95.50252,-0.882445,1.0],[0.99818975,-0.020087635,0.056689844,0.0,0.021301793,0.9995547,-0.020895142,0.0,-0.056244865,0.022064913,0.9981732,0.0,0.88486826,95.82133,-0.5601041,1.0],[0.9987206,-0.008102803,0.049915608,0.0,0.009226175,0.9997084,-0.022316296,0.0,-0.049720224,0.022748273,0.9985041,0.0,-1.2882205,95.944695,-0.24969807,1.0],[0.999118,0.0042380015,0.041776575,0.0,-0.0033573357,0.9997711,-0.021128045,0.0,-0.041856557,0.02096915,0.9989036,0.0,-3.197444,96.00809,0.10530776,1.0],[0.9993818,0.016045084,0.03128337,0.0,-0.015457253,0.9997011,-0.018942673,0.0,-0.03157796,0.018447407,0.99933106,0.0,-4.7708774,96.19229,0.26611698,1.0],[0.9994044,0.021103723,0.027304448,0.0,-0.020553852,0.99958336,-0.020264849,0.0,-0.027720734,0.019691568,0.9994217,0.0,-6.1192174,96.268585,0.28050756,1.0],[0.9994639,0.02407751,0.02218558,0.0,-0.023572901,0.9994636,-0.022732463,0.0,-0.02272102,0.022197299,0.9994954,0.0,-7.2764635,96.178474,0.09183349,1.0],[0.999712,0.021765979,0.0101086795,0.0,-0.021504084,0.99944776,-0.02533164,0.0,-0.010654466,0.025106968,0.999628,0.0,-8.224075,95.88154,-0.2821562,1.0],[0.9997995,0.017147513,-0.010339795,0.0,-0.017434472,0.9994465,-0.028332604,0.0,0.009848237,0.028507194,0.9995451,0.0,-8.980291,95.72137,-0.5921992,1.0],[0.9991519,0.014034085,-0.038711134,0.0,-0.015333489,0.9993219,-0.033476587,0.0,0.038215067,0.034041774,0.99868953,0.0,-9.575683,95.35353,-0.73777556,1.0],[0.9980731,0.01543148,-0.06009912,0.0,-0.017532663,0.99924767,-0.034593027,0.0,0.059520084,0.035580065,0.9975928,0.0,-10.032065,95.13345,-0.9213796,1.0],[0.99716485,0.015059022,-0.07372605,0.0,-0.017542569,0.99929625,-0.033155303,0.0,0.07317489,0.034354646,0.9967272,0.0,-10.313075,95.04472,-1.041757,1.0],[0.9962308,0.013070171,-0.08575227,0.0,-0.015689505,0.99942845,-0.029942855,0.0,0.0853119,0.031175405,0.9958664,0.0,-10.376451,95.1849,-0.8649984,1.0],[0.9952772,0.011109035,-0.09643544,0.0,-0.0139321,0.9994924,-0.028650308,0.0,0.09606822,0.029858546,0.9949268,0.0,-10.0903225,95.24957,-0.32552192,1.0],[0.9943669,0.013092332,-0.105181396,0.0,-0.015964458,0.999521,-0.02651102,0.0,0.10478392,0.028040843,0.9940996,0.0,-9.513124,95.54212,0.38844922,1.0],[0.9948576,0.0123743825,-0.10052469,0.0,-0.014710324,0.99963796,-0.02252955,0.0,0.1002095,0.023892444,0.99467945,0.0,-8.666283,95.79814,1.1070178,1.0],[0.995476,0.015042746,-0.09381477,0.0,-0.017466484,0.9995332,-0.02506793,0.0,0.093393885,0.026593138,0.995274,0.0,-7.6459904,96.25711,1.761263,1.0],[0.9970964,0.013871806,-0.074875236,0.0,-0.015832068,0.9995456,-0.025650622,0.0,0.07448539,0.026761575,0.99686295,0.0,-6.464557,96.36444,2.1561205,1.0],[0.99824923,0.015563887,-0.057063196,0.0,-0.01692468,0.99958193,-0.023441892,0.0,0.05667449,0.024366628,0.99809533,0.0,-5.214625,96.44338,2.3603535,1.0],[0.9993841,0.006353133,-0.03451236,0.0,-0.0072296592,0.9996529,-0.025332326,0.0,0.03433944,0.025566237,0.99908316,0.0,-3.872092,96.44382,2.373311,1.0],[0.9998965,-0.0016058242,-0.014297188,0.0,0.0012848467,0.9997476,-0.02243134,0.0,0.0143296,0.02241065,0.9996461,0.0,-2.5649185,96.28294,2.0592525,1.0],[0.9999436,-0.00804726,-0.006926043,0.0,0.0078905765,0.99971884,-0.022360072,0.0,0.0071040327,0.022304162,0.999726,0.0,-1.3479568,96.15974,1.565937,1.0],[0.9892321,0.08312952,0.1204543,0.0,-0.08818326,0.9954078,0.037241854,0.0,-0.116805255,-0.047462888,0.9920201,0.0,-0.416664,92.36133,0.737255,1.0],[0.9827132,0.048219696,0.1787443,0.0,-0.043244936,0.99856377,-0.03162658,0.0,-0.1800126,0.023350073,0.9833871,0.0,-1.1677864,95.482,-30.985374,1.0],[0.9720633,-0.0038740202,0.23468685,0.0,-0.0009869816,0.9997875,0.02059172,0.0,-0.23471674,-0.020248087,0.9718529,0.0,0.1358627,97.28098,-69.413536,1.0],[0.989879,0.025357855,0.1396299,0.0,-0.01623687,0.99768233,-0.0660786,0.0,-0.14098188,0.06314267,0.9879965,0.0,-0.8211223,92.21768,-102.1889,1.0],[0.9886225,0.051291093,0.1414031,0.0,-0.060580917,0.99622387,0.062192734,0.0,-0.1376792,-0.07005146,0.9879966,0.0,-0.4793561,97.5816,-142.85286,1.0],[0.9873565,0.07426678,0.14004138,0.0,-0.07385747,0.9972357,-0.00812493,0.0,-0.14025769,-0.0023208999,0.9901123,0.0,-0.17337322,89.02855,-184.03769,1.0],[0.9774855,0.03941524,0.20728864,0.0,-0.041241266,0.99913913,0.004493396,0.0,-0.20693307,-0.012941075,0.9782695,0.0,-1.249279,99.08444,-211.71396,1.0],[0.99854183,-0.026027175,-0.04729483,0.0,0.02683439,0.9995035,0.016513595,0.0,0.046841543,-0.017758643,0.9987445,0.0,-0.184628,95.910164,0.722266,1.0],[0.99897903,-0.03394634,0.02980917,0.0,0.03358097,0.9993557,0.012673263,0.0,-0.030220173,-0.011659303,0.99947524,0.0,-0.33493525,94.0398,26.440132,1.0],[0.9977359,-0.011562556,0.06625243,0.0,0.009855418,0.9996124,0.026036352,0.0,-0.066527806,-0.025324456,0.99746317,0.0,1.6028919,89.79228,56.74175,1.0],[0.99967104,-0.025492879,0.002824825,0.0,0.025444442,0.9995477,0.016028546,0.0,-0.0032321613,-0.015951395,0.99986756,0.0,3.3966088,96.1139,83.65651,1.0],[0.99485594,0.02025053,-0.09925518,0.0,-0.016950088,0.99927866,0.033983387,0.0,0.09987176,-0.03212619,0.99448156,0.0,3.6008291,93.48067,108.858826,1.0],[0.991182,-0.009976824,-0.13213119,0.0,0.017297294,0.99837095,0.05437168,0.0,0.1313735,-0.056177747,0.9897399,0.0,1.714956,89.66547,138.11845,1.0],[0.9985447,0.025221365,0.047669817,0.0,-0.021536825,0.9968534,-0.076285586,0.0,-0.049443845,0.07514791,0.9959458,0.0,-0.243345,96.49354,0.265491,1.0],[0.9937751,0.01796209,0.10994718,0.0,-0.01449109,0.99937356,-0.03228781,0.0,-0.11045826,0.030493569,0.99341285,0.0,-0.5074186,92.1455,21.190695,1.0],[0.99305594,-0.0030530726,0.11760344,0.0,0.00837652,0.9989609,-0.04479846,0.0,-0.11734448,0.045472484,0.99204963,0.0,-5.718159,90.87432,45.417103,1.0],[0.95472616,0.028217841,0.29614475,0.0,-0.004498995,0.9967469,-0.08046991,0.0,-0.29745206,0.07549438,0.9517473,0.0,-11.282702,94.6666,67.262375,1.0],[0.8905647,0.031072393,0.45379406,0.0,-0.0051352484,0.9982872,-0.058277328,0.0,-0.4548276,0.049569387,0.8891989,0.0,-16.161865,95.10527,86.37748,1.0],[0.84654975,0.010541271,0.5322052,0.0,0.008372545,0.99941653,-0.033112977,0.0,-0.5322437,0.032487694,0.8459676,0.0,-22.257313,91.49332,107.545006,1.0],[0.793562,0.07652195,0.6036587,0.0,-0.017976508,0.9945763,-0.102444395,0.0,-0.6082238,0.0704443,0.79063356,0.0,-29.267529,93.331795,130.28844,1.0],[0.99515766,-0.03580746,-0.09153729,0.0,0.012556749,0.9699655,-0.24291806,0.0,0.097486295,0.24059235,0.96571827,0.0,-0.399525,94.90331,-0.670374,1.0],[0.9950679,-0.08878193,-0.044245653,0.0,0.07893657,0.97883064,-0.18883744,0.0,0.06007435,0.18441346,0.9810111,0.0,0.3529651,94.5952,11.352838,1.0],[0.9957621,-0.068566754,0.061289653,0.0,0.0783681,0.98138696,-0.17532276,0.0,-0.048127554,0.1793829,0.9826014,0.0,2.428431,93.55958,28.946894,1.0],[0.99233395,0.0016041119,0.123574995,0.0,0.026247429,0.97436863,-0.2234207,0.0,-0.12076599,0.22495146,0.96685696,0.0,4.6002054,93.75943,42.913143,1.0],[0.9958191,-0.03747607,0.08330612,0.0,0.05633282,0.96985316,-0.23708957,0.0,-0.07190952,0.2407912,0.9679094,0.0,5.5630245,94.798546,54.189697,1.0],[0.99861115,-0.0018622158,0.052652624,0.0,0.011830105,0.9817812,-0.18964651,0.0,-0.05134019,0.19000602,0.98043966,0.0,5.5335674,93.9949,63.831196,1.0],[0.999493,0.018965513,-0.0255745,0.0,-0.02261842,0.98826104,-0.15109092,0.0,0.022408767,0.15159276,0.988189,0.0,3.3146012,92.94448,75.40211,1.0],[0.99680734,-0.044093423,-0.06656512,0.0,0.033179715,0.9870465,-0.15696622,0.0,0.072624035,0.15425648,0.9853582,0.0,0.201382,93.33437,86.97087,1.0],[0.99285007,-0.04194525,-0.111755915,0.0,0.021463888,0.98370135,-0.17852454,0.0,0.11742269,0.17484938,0.9775682,0.0,-1.4608067,93.57133,93.873634,1.0],[0.99667156,-0.008562156,-0.08107081,0.0,-0.005335508,0.98548573,-0.16967432,0.0,0.0813469,0.16954212,0.98216,0.0,-1.1534451,94.7588,99.60274,1.0],[0.99854505,-0.031418256,-0.043825794,0.0,0.023040894,0.9833945,-0.18001205,0.0,0.048753712,0.17874035,0.9826876,0.0,0.69690806,95.56731,105.67628,1.0],[0.9993253,-0.028924441,0.022636553,0.0,0.032232072,0.9861162,-0.16289873,0.0,-0.017610515,0.16351844,0.9863831,0.0,2.8151817,96.63993,109.96943,1.0],[0.9973298,-0.024636671,0.06874854,0.0,0.034388937,0.988908,-0.14449339,0.0,-0.06442615,0.14647175,0.9871146,0.0,4.2452183,97.09534,111.955185,1.0],[0.99531,-0.03015726,0.091915786,0.0,0.04165347,0.9911753,-0.1258433,0.0,-0.08730957,0.12908171,0.98778284,0.0,4.991208,97.39944,112.138916,1.0],[0.99344754,-0.03068552,0.11009249,0.0,0.043297,0.9925301,-0.114058636,0.0,-0.105770156,0.11807794,0.9873552,0.0,5.1937175,97.32956,111.52328,1.0],[0.9936851,-0.028510936,0.108522125,0.0,0.03944972,0.9942025,-0.100025296,0.0,-0.105041154,0.103674814,0.98904896,0.0,5.2130322,97.46105,110.476585,1.0],[0.99502563,-0.024670973,0.0965159,0.0,0.03353406,0.9952573,-0.09131434,0.0,-0.09380535,0.09409668,0.99113387,0.0,5.231779,97.53729,109.59527,1.0],[0.9957109,-0.02482154,0.08912763,0.0,0.033166856,0.9950753,-0.093408726,0.0,-0.086370155,0.09596417,0.9916305,0.0,5.2899013,97.623634,108.95075,1.0],[0.9994767,0.0073305997,-0.031506106,0.0,-0.01125372,0.99193996,-0.12620781,0.0,0.030326989,0.12649633,0.99150336,0.0,-0.076026,94.32319,0.208669,1.0],[0.99050206,-0.02910868,-0.13438123,0.0,0.003457617,0.9822981,-0.1872927,0.0,0.13745427,0.18504918,0.97306895,0.0,-0.28289786,91.521996,-12.908227,1.0],[0.9740655,0.03671263,-0.22326817,0.0,-0.07044929,0.9869097,-0.14507298,0.0,0.21501951,0.15703966,0.96390104,0.0,2.1029768,90.09261,-35.603195,1.0],[0.9965032,-0.0066962135,-0.08328632,0.0,-0.0047384608,0.99065036,-0.13634287,0.0,0.08342061,0.13626076,0.9871545,0.0,4.749653,93.59939,-55.85601,1.0],[0.9969069,-0.06492319,0.04429107,0.0,0.07142193,0.9835642,-0.16583233,0.0,-0.032796748,0.16848274,0.98515886,0.0,4.9972734,94.540054,-68.33253,1.0],[0.9918078,-0.026041519,0.12505648,0.0,0.04581515,0.9863834,-0.15795186,0.0,-0.11924032,0.16238737,0.9794958,0.0,4.122903,91.134,-83.31907,1.0],[0.97468626,-0.15917397,0.15700425,0.0,0.17112532,0.98305565,-0.065709256,0.0,-0.1438847,0.0909133,0.98540956,0.0,2.6682777,89.70498,-106.23235,1.0]],"offsets":[0,7,11,18,35,94,101,107,114,132,139],"loopables":[false,false,false,false,true,false,false,false,false,false],"interval":0.1667},"poses":{"poses":[[-0.231702,93.72711,1.647629,9.895218,-0.585975,3.03525,8.776773,3.1308,-1.364579,1.602654,1.233846,0.809978,1.612073,1.226179,0.796964,-0.717361,-0.365289,-0.088596,-4.507277,-0.360061,-0.112548,0.000001,0.0,0.0,2.578855,4.580133,-8.079599,14.898219,-22.282724,-57.697605,-0.000018,-40.21105,-0.000012,0.0,-0.0,0.0,2.557412,5.288811,5.269833,-21.322456,18.28529,62.204212,-0.000008,49.049507,0.000018,0.0,0.0,-0.0,-29.815277,0.349091,-1.814357,77.74156,6.331459,-0.177052,-1.181654,0.62077,-9.213336,-5.63902,-0.000002,-0.000001,0.000001,-0.000001,0.0,-1.019457,-5.306855,0.623029,25.713705,7.008507,-3.426489,-22.204067,0.277231,-3.46261,-10.891742,0.0504,-0.4955,0.0,0.0,0.0],[-0.122083,94.756615,4.890821,9.901114,-1.530965,4.091448,8.693266,3.803568,-2.520537,1.423588,1.628135,0.398402,1.433719,1.620886,0.378306,-0.640624,-0.395335,0.097431,-4.436788,-0.36006,-0.150219,0.000003,-0.000001,-0.0,2.624519,6.013255,-7.887047,17.315056,-21.804344,-56.56887,-0.000009,-42.00558,-0.000012,-0.000001,0.0,0.0,2.790293,6.271289,4.248635,-20.98501,20.343136,61.76208,0.000004,52.671375,0.0,-0.000001,0.0,-0.000001,-31.95685,1.043116,-2.629794,75.06042,7.808179,-0.725143,-2.97543,1.274252,-11.614888,-3.552584,0.000001,0.000002,-0.000005,0.0,0.0,4.308961,-6.563544,-0.203482,17.642242,8.79791,-4.339164,-16.865164,0.255026,-1.30929,-12.144498,0.151565,-1.70166,0.0,0.0,0.0],[0.038202,95.61706,8.236444,10.461174,-2.234653,4.989837,8.357396,4.364473,-3.503265,1.201497,1.967985,0.057338,1.210737,1.960944,0.031268,-0.615068,-0.392768,0.241155,-4.415838,-0.360058,-0.202331,-0.000002,-0.0,-0.0,2.737489,7.80899,-8.148888,19.207224,-21.293009,-55.478462,0.000014,-43.887386,0.000002,-0.000002,0.000001,0.000001,3.108316,7.084211,3.354308,-20.23499,22.488232,60.79339,0.000028,56.53344,0.000006,0.000003,-0.000001,-0.000001,-34.043427,1.719536,-3.537961,71.16798,8.919813,-1.479442,-3.500931,2.523333,-10.20617,-2.44794,0.000002,-0.000002,0.0,-0.0,-0.0,8.130968,-8.111569,-0.884076,11.04346,9.888889,-4.9845,-10.326391,1.093125,0.488117,-15.66335,0.246842,-2.466646,0.0,-0.0,0.0],[0.177756,96.52961,11.750825,10.838803,-2.868871,5.677854,8.098478,4.806876,-4.266694,0.967111,2.243933,-0.176399,0.97448,2.236806,-0.209059,-0.669635,-0.348739,0.31746,-4.472924,-0.35591,-0.26552,0.000001,-0.0,0.0,2.931146,9.799822,-8.748415,20.427458,-20.591135,-54.664143,-0.000005,-45.838013,-0.000006,-0.000003,0.0,0.000001,3.507158,7.656945,2.399345,-19.09463,24.871511,59.469727,0.000002,60.5984,-0.000004,0.0,0.000001,0.000003,-35.79004,2.145743,-4.106342,66.072914,9.18298,-2.234737,-4.210249,3.999365,-9.590375,-1.268773,0.000003,-0.000002,0.000004,0.0,-0.0,8.345094,-9.631838,-2.275802,11.651377,10.208874,-5.079691,-5.735793,1.863546,4.588786,-18.34324,0.629923,-5.670399,0.000001,0.0,0.0],[0.291054,97.24407,14.973424,11.488568,-3.223712,6.059999,8.005894,5.100182,-4.797272,0.691767,2.440249,-0.371251,0.697078,2.432078,-0.411621,-0.770584,-0.291958,0.403298,-4.574316,-0.348336,-0.336793,-0.0,0.0,-0.0,3.149659,11.783358,-9.305016,21.094095,-19.610653,-54.277096,-0.000003,-47.8352,-0.000012,0.000002,0.000001,0.0,3.945701,8.166179,1.452897,-17.658468,27.210136,58.10614,0.000014,64.55808,-0.0,0.0,0.0,-0.000002,-37.29856,2.422983,-4.426016,60.393665,9.317035,-2.902918,-5.224703,5.490582,-9.041653,0.042681,-0.0,-0.000002,-0.000003,0.0,0.0,6.814338,-10.929481,-3.287656,14.185156,7.727586,-4.550664,-0.190095,2.821184,7.15115,-24.714443,1.534544,-6.916384,0.000001,-0.0,0.0],[0.414215,97.86802,18.291563,11.958494,-3.568508,6.32806,7.909683,5.230027,-5.240764,0.4465,2.559644,-0.599903,0.448464,2.549735,-0.645785,-0.866324,-0.25784,0.620922,-4.668972,-0.338291,-0.411087,-0.0,-0.0,-0.0,3.304095,13.724916,-9.49308,21.560251,-18.554972,-54.12584,-0.000029,-49.84347,-0.000023,-0.000002,0.000001,-0.000001,4.35396,8.80132,0.821153,-15.991585,29.318771,56.782932,-0.000012,68.25954,0.000015,0.0,0.000002,-0.0,-37.899105,2.555869,-4.693348,53.26572,9.432779,-3.428545,-4.229696,6.674157,-8.645099,0.823751,-0.000007,0.000005,0.0,-0.000001,0.0,6.020651,-11.824484,-4.221396,15.247894,5.4113,-3.91145,7.253203,3.465631,7.064018,-32.4666,2.219835,-5.501883,-0.000001,0.0,0.0],[0.486202,98.57584,22.256147,12.229554,-3.666921,6.460322,7.522365,5.228151,-5.562431,0.372835,2.606178,-0.839827,0.370095,2.595452,-0.884154,-0.946064,-0.242381,0.961329,-4.745443,-0.326743,-0.483443,-0.0,0.000001,-0.0,3.379482,15.633055,-9.390612,21.857826,-17.787558,-53.931824,-0.000029,-51.83389,-0.000002,-0.0,-0.0,-0.000001,4.690074,9.555278,0.561343,-14.025336,31.27504,55.273865,0.000014,71.92975,-0.000009,-0.000002,-0.000002,-0.000002,-37.056416,2.448263,-4.999502,44.057175,9.435258,-3.686592,-3.521402,7.604026,-8.611029,0.921512,0.000001,0.00001,-0.000001,-0.000001,0.000001,5.593143,-12.205866,-4.764693,17.420116,4.105185,-3.831236,13.626579,3.41227,6.630311,-33.246944,1.990342,-4.12822,-0.000001,0.000001,-0.0],[0.546873,99.27039,26.216198,12.535022,-3.528711,6.267534,6.996511,5.139593,-5.516899,0.423293,2.582532,-0.995035,0.417423,2.572304,-1.034298,-1.021832,-0.21463,1.279406,-4.814854,-0.312784,-0.556277,-0.000001,0.0,0.0,3.441474,17.26717,-9.330115,21.822594,-17.422176,-53.59804,-0.000007,-53.781536,0.000008,-0.0,0.0,-0.0,4.963761,10.310253,0.337804,-11.69328,33.039345,53.44511,0.000025,75.89097,0.000002,0.000001,0.000001,0.0,-35.220615,2.131407,-5.187441,33.82742,9.518752,-3.54724,-2.563643,8.046772,-8.828586,0.617114,0.000005,-0.000002,-0.000001,-0.000001,-0.000002,6.514344,-12.274839,-4.598074,17.714758,3.192891,-4.516233,17.430744,3.332963,7.776347,-25.95262,1.380658,-3.503784,-0.000004,0.000001,-0.000001],[0.499733,99.68279,30.28401,12.950181,-3.022084,5.643209,6.307119,5.006644,-5.090827,0.66796,2.504181,-0.979334,0.659912,2.498336,-1.006142,-1.088897,-0.163817,1.49498,-4.872509,-0.293955,-0.646377,-0.000001,-0.0,-0.0,3.548248,18.258118,-9.522249,21.608904,-17.219137,-53.10513,-0.000029,-55.654217,-0.000021,-0.000001,-0.0,0.000001,5.170859,10.937212,0.020535,-8.967413,34.434807,51.32886,-0.000126,80.21845,0.000145,0.000001,0.0,0.0,-33.05201,1.789583,-4.981777,22.99767,9.542019,-3.019153,0.800134,7.653595,-10.392763,0.096449,-0.000003,0.0,-0.000001,-0.000001,0.000001,7.706526,-12.114759,-3.646146,17.952864,1.376538,-5.63432,20.958357,3.526108,9.99442,-13.683371,0.462206,-2.37589,-0.000002,-0.0,-0.0],[0.439151,99.77631,34.783287,12.731081,-2.23319,4.832761,5.497417,4.808007,-4.475382,1.12032,2.383276,-0.83815,1.109804,2.386065,-0.844306,-1.114729,-0.105326,1.657404,-4.886673,-0.267688,-0.764516,-0.000001,0.0,-0.0,3.671653,18.488571,-9.876086,21.49424,-16.969563,-52.455116,0.0,-57.415382,0.0,-0.000002,0.000002,-0.0,5.253536,11.318826,-0.146853,-5.844232,35.48574,49.06781,-0.000064,84.61049,0.000063,-0.000002,0.000001,0.0,-29.956127,1.559991,-4.821151,12.511045,9.566453,-2.358457,5.178378,6.604413,-12.04292,-0.234771,0.000001,0.000002,0.0,-0.0,-0.000001,9.474603,-11.718959,-2.54206,19.948914,-1.546828,-6.701017,20.481754,2.542178,13.486413,-2.475796,0.000003,0.000002,0.0,0.0,-0.0],[0.319358,99.55434,39.11135,12.715666,-1.303274,4.081529,4.843419,4.479688,-3.92499,1.576097,2.219123,-0.689289,1.564029,2.227592,-0.684218,-1.06354,-0.059119,1.846992,-4.82192,-0.238325,-0.883197,0.000001,0.0,-0.0,3.718422,18.148937,-10.103628,21.351374,-16.819925,-51.694603,-0.000037,-59.047817,-0.00003,0.0,-0.000002,0.000001,5.163658,11.412523,0.031152,-2.419732,36.331978,46.940517,-0.000279,88.596085,0.000522,-0.0,-0.0,-0.0,-28.65606,1.658493,-4.632574,7.421767,9.284596,-1.937053,7.301599,5.874817,-13.125272,-0.056385,0.0,0.000002,0.0,0.000001,0.0,10.370384,-11.010793,-1.112545,23.654442,-2.894456,-7.499009,19.118963,-0.65771,16.026365,-3.153983,0.000006,-0.000012,0.0,-0.000001,0.0],[0.221372,99.20451,43.35032,12.806868,-0.214617,3.534264,4.382795,4.014372,-3.622597,1.93335,2.014175,-0.587377,1.922164,2.016832,-0.605553,-0.954141,-0.028766,2.088387,-4.696881,-0.215245,-0.957374,-0.000001,-0.000001,0.0,3.639458,17.470633,-10.034998,20.8706,-17.107,-50.76206,0.00001,-60.55219,0.000008,0.000001,0.000001,-0.0,4.922794,11.241878,0.482257,1.036749,36.914906,45.273315,-0.000204,91.916214,0.000229,-0.000002,-0.000001,-0.000002,-28.505426,1.934018,-4.583944,6.476097,9.267559,-1.916006,7.563866,5.94788,-13.717924,0.365556,-0.000002,0.000003,0.0,0.000001,0.0,10.463582,-10.163561,0.328089,28.659555,-3.084061,-8.033057,17.71155,-4.617061,17.576641,-4.369149,-0.000002,0.000009,0.000003,0.000001,-0.000004],[0.069229,98.74018,47.80539,12.751184,1.041149,3.225132,4.217172,3.468929,-3.590405,2.148288,1.782896,-0.534141,2.141951,1.76186,-0.627052,-0.867967,0.00419,2.348978,-4.592655,-0.200521,-0.977532,0.000003,-0.000001,-0.0,3.474111,16.570875,-9.772545,20.101665,-17.949795,-49.517162,0.000014,-61.86769,0.000022,-0.0,0.000002,0.000001,4.596091,10.824747,1.023193,4.270784,37.14976,44.18926,-0.000207,94.5039,0.000151,-0.000001,0.000001,-0.000001,-27.856403,2.327359,-4.851416,6.710065,9.441586,-2.31256,8.4688,6.034635,-13.00201,0.485612,0.000004,-0.000017,0.0,-0.0,0.000001,10.003216,-9.545276,1.460822,34.950695,-2.436441,-8.13497,16.132404,-7.45235,17.510015,-6.196691,-0.000007,0.000003,0.000002,-0.0,0.0],[-0.037171,98.09414,51.80213,12.852903,2.187382,3.092642,4.699084,2.909332,-3.698877,2.060096,1.554953,-0.546534,2.063208,1.48963,-0.764275,-0.844484,0.051782,2.617041,-4.54974,-0.190074,-0.9637,-0.000001,0.0,-0.0,3.258814,15.451553,-9.41784,19.30834,-19.120321,-48.02502,-0.000036,-62.818233,-0.000027,-0.000001,-0.0,0.000001,4.229539,10.204488,1.574641,7.336917,37.167652,43.51955,0.000055,96.23355,-0.000048,-0.0,0.000001,0.000001,-27.874146,3.005377,-4.935934,9.304661,9.387594,-2.966205,9.153714,4.543226,-13.24709,-1.812434,-0.066295,1.959424,0.0,0.000002,-0.000001,8.537414,-9.291598,1.86767,41.453365,-3.125433,-7.716229,16.644735,-8.060792,15.649773,-7.694671,-0.000001,0.000001,-0.0,-0.000002,0.0],[-0.132952,97.43235,55.438183,12.807044,3.180637,2.959482,5.262405,2.366432,-3.952927,1.883517,1.385307,-0.586964,1.897354,1.263602,-0.955732,-0.836635,0.107281,2.916626,-4.524825,-0.180885,-0.929105,-0.000001,-0.0,0.0,2.996058,14.092287,-8.941601,18.561874,-20.30864,-46.554714,-0.000002,-63.25357,0.000008,-0.000002,-0.000001,0.000001,3.834885,9.464851,2.136645,10.437777,37.15668,43.09625,-0.000028,96.96414,-0.000008,-0.000001,0.000001,0.000001,-28.417484,3.65128,-5.952073,15.181195,8.942065,-3.556976,4.624026,3.056479,-3.677514,-2.479188,-0.081409,2.181115,-0.0,-0.000002,0.000001,5.776557,-9.527821,1.980589,50.187218,-3.25494,-6.865879,13.889107,-7.64771,13.62663,-7.628011,-0.000012,0.0,0.000002,0.0,0.0],[-0.170712,96.28472,59.551277,12.605836,3.488889,3.05561,5.762494,1.788694,-4.346166,1.678973,1.305237,-0.646291,1.703097,1.122532,-1.175547,-0.814105,0.169188,3.235679,-4.488068,-0.17107,-0.881379,-0.0,-0.000001,0.0,2.731709,12.553535,-8.472781,17.747395,-21.407146,-45.210182,0.000009,-63.179333,0.000019,0.000002,0.000004,-0.000002,3.401608,8.59629,2.776592,13.586068,37.199116,42.80599,0.00011,96.6554,-0.00017,0.000001,-0.0,0.0,-28.033958,3.447003,-6.548631,21.718533,9.671196,-3.849059,-3.800107,1.757804,0.005383,-1.723374,-0.02315,1.167341,-0.0,-0.000002,0.000001,2.82736,-9.895924,1.598979,58.940327,-4.911527,-6.167657,12.373297,-7.64129,10.367332,-6.554138,0.0,0.000005,0.0,0.000001,-0.000002],[-0.156408,95.48387,63.585266,12.629655,3.447162,3.188971,6.087377,1.157123,-4.892637,1.551889,1.271292,-0.704976,1.585105,1.030858,-1.390944,-0.836091,0.25023,3.520545,-4.48877,-0.156973,-0.835702,0.000002,-0.0,0.0,2.529733,10.924637,-8.291086,16.480162,-22.399126,-43.94645,0.000015,-62.623642,0.000021,0.000001,0.000001,-0.000001,2.921239,7.480859,3.651058,16.483767,37.283413,42.554512,0.000047,95.18134,-0.000067,0.0,0.0,-0.000001,-29.169556,2.990094,-6.574288,29.98589,9.3739,-3.929086,-9.987712,2.254582,-0.587809,-2.270473,-0.03607,1.456964,0.0,-0.000001,0.0,-0.943102,-9.670774,0.046998,67.420876,-2.136235,-5.928411,11.609836,-9.221692,14.775869,-5.955966,0.000003,-0.000001,0.0,-0.0,0.0],[-0.103227,94.54413,67.068665,12.970534,3.061213,3.522837,6.393186,0.473666,-5.515705,1.481058,1.164084,-0.768999,1.523169,0.872948,-1.598707,-0.972688,0.36238,3.738108,-4.590953,-0.133083,-0.804766,0.000001,-0.0,0.0,2.382039,9.212516,-8.45238,14.157434,-23.122871,-43.0187,-0.0,-61.68875,0.000017,-0.000003,-0.000001,0.000001,2.419551,6.07845,4.795819,18.622135,37.34313,42.472748,0.000268,92.1945,-0.000313,-0.000002,-0.000001,0.000001,-29.73653,2.746162,-6.876847,35.63564,8.797833,-4.064969,-14.631483,3.704542,-0.427493,-2.931229,-0.042186,1.576551,-0.0,-0.000001,0.0,-5.697814,-9.921657,-0.569127,74.27158,-5.51536,-5.973976,9.689448,-13.903396,12.014042,-5.893958,0.000008,-0.000011,0.000001,0.0,-0.000001],[-0.084027,94.01188,70.869125,13.205531,2.884422,3.991416,6.177407,-0.183732,-6.175492,1.670125,0.90467,-0.737807,1.720937,0.577011,-1.682747,-1.191497,0.501033,3.88776,-4.787896,-0.094091,-0.787798,-0.000001,0.0,-0.0,2.217459,7.240351,-8.710497,10.850992,-23.417671,-42.82393,0.000004,-60.828606,0.00003,-0.000001,-0.0,0.0,1.946952,4.44008,5.941859,19.618376,37.24751,42.92755,0.000277,87.523636,-0.000159,-0.000003,-0.000005,-0.000001,-28.352148,2.233028,-7.373361,37.939056,8.553493,-4.352543,-17.777319,4.711412,-0.139624,-3.654