{"joints":[{"name":"Model_Hips","offset":[0.0,96.91508,0.0],"parent_index":null,"pose_refs":[{"pose_index":0,"data_type":"PositionX"},{"pose_index":1,"data_type":"PositionY"},{"pose_index":2,"data_type":"PositionZ"},{"pose_index":3,"data_type":"RotationX"},{"pose_index":4,"data_type":"RotationY"},{"pose_index":5,"data_type":"RotationZ"}]},{"name":"Model_Spine","offset":[0.0,11.137703,-1.2899],"parent_index":0,"pose_refs":[{"pose_index":6,"data_type":"RotationX"},{"pose_index":7,"data_type":"RotationY"},{"pose_index":8,"data_type":"RotationZ"}]},{"name":"Model_Spine1","offset":[0.0,12.993942,-1.504922],"parent_index":1,"pose_refs":[{"pose_index":9,"data_type":"RotationX"},{"pose_index":10,"data_type":"RotationY"},{"pose_index":11,"data_type":"RotationZ"}]},{"name":"Model_Spine2","offset":[0.0,14.85022,-1.719911],"parent_index":2,"pose_refs":[{"pose_index":12,"data_type":"RotationX"},{"pose_index":13,"data_type":"RotationY"},{"pose_index":14,"data_type":"RotationZ"}]},{"name":"Model_Neck","offset":[0.0,16.706543,-1.934903],"parent_index":3,"pose_refs":[{"pose_index":15,"data_type":"RotationX"},{"pose_index":16,"data_type":"RotationY"},{"pose_index":17,"data_type":"RotationZ"}]},{"name":"Model_Head","offset":[0.0,10.471298,2.0021],"parent_index":4,"pose_refs":[{"pose_index":18,"data_type":"RotationX"},{"pose_index":19,"data_type":"RotationY"},{"pose_index":20,"data_type":"RotationZ"}]},{"name":"Model_HeadTop_End","offset":[0.0,20.842606,3.9851],"parent_index":5,"pose_refs":[{"pose_index":21,"data_type":"RotationX"},{"pose_index":22,"data_type":"RotationY"},{"pose_index":23,"data_type":"RotationZ"}]},{"name":"Model_LeftShoulder","offset":[7.0085,14.7686,-1.919946],"parent_index":3,"pose_refs":[{"pose_index":24,"data_type":"RotationX"},{"pose_index":25,"data_type":"RotationY"},{"pose_index":26,"data_type":"RotationZ"}]},{"name":"Model_LeftArm","offset":[14.126271,-3.718048,0.029937],"parent_index":7,"pose_refs":[{"pose_index":27,"data_type":"RotationX"},{"pose_index":28,"data_type":"RotationY"},{"pose_index":29,"data_type":"RotationZ"}]},{"name":"Model_LeftForeArm","offset":[28.2828,0.0,0.0],"parent_index":8,"pose_refs":[{"pose_index":30,"data_type":"RotationX"},{"pose_index":31,"data_type":"RotationY"},{"pose_index":32,"data_type":"RotationZ"}]},{"name":"Model_LeftHand","offset":[26.204689,0.0,0.0],"parent_index":9,"pose_refs":[{"pose_index":33,"data_type":"RotationX"},{"pose_index":34,"data_type":"RotationY"},{"pose_index":35,"data_type":"RotationZ"}]},{"name":"Model_RightShoulder","offset":[-7.0085,14.768555,-1.94984],"parent_index":3,"pose_refs":[{"pose_index":36,"data_type":"RotationX"},{"pose_index":37,"data_type":"RotationY"},{"pose_index":38,"data_type":"RotationZ"}]},{"name":"Model_RightArm","offset":[-14.126281,-3.718018,-0.029932],"parent_index":11,"pose_refs":[{"pose_index":39,"data_type":"RotationX"},{"pose_index":40,"data_type":"RotationY"},{"pose_index":41,"data_type":"RotationZ"}]},{"name":"Model_RightForeArm","offset":[-28.283798,0.0,-0.000001],"parent_index":12,"pose_refs":[{"pose_index":42,"data_type":"RotationX"},{"pose_index":43,"data_type":"RotationY"},{"pose_index":44,"data_type":"RotationZ"}]},{"name":"Model_RightHand","offset":[-26.204193,0.0,-0.000001],"parent_index":13,"pose_refs":[{"pose_index":45,"data_type":"RotationX"},{"pose_index":46,"data_type":"RotationY"},{"pose_index":47,"data_type":"RotationZ"}]},{"name":"Model_LeftUpLeg","offset":[8.3277,-6.193199,-0.4028],"parent_index":0,"pose_refs":[{"pose_index":48,"data_type":"RotationX"},{"pose_index":49,"data_type":"RotationY"},{"pose_index":50,"data_type":"RotationZ"}]},{"name":"Model_LeftLeg","offset":[0.735802,-42.10874,-0.610721],"parent_index":15,"pose_refs":[{"pose_index":51,"data_type":"RotationX"},{"pose_index":52,"data_type":"RotationY"},{"pose_index":53,"data_type":"RotationZ"}]},{"name":"Model_LeftFoot","offset":[-0.735806,-36.833748,-0.172876],"parent_index":16,"pose_refs":[{"pose_index":54,"data_type":"RotationX"},{"pose_index":55,"data_type":"RotationY"},{"pose_index":56,"data_type":"RotationZ"}]},{"name":"Model_LeftToeBase","offset":[-0.565857,-11.977769,16.297714],"parent_index":17,"pose_refs":[{"pose_index":57,"data_type":"RotationX"},{"pose_index":58,"data_type":"RotationY"},{"pose_index":59,"data_type":"RotationZ"}]},{"name":"Model_LeftToe_End","offset":[-0.111712,-0.312793,7.857784],"parent_index":18,"pose_refs":[{"pose_index":60,"data_type":"RotationX"},{"pose_index":61,"data_type":"RotationY"},{"pose_index":62,"data_type":"RotationZ"}]},{"name":"Model_RightUpLeg","offset":[-8.3277,-6.193199,-0.5165],"parent_index":0,"pose_refs":[{"pose_index":63,"data_type":"RotationX"},{"pose_index":64,"data_type":"RotationY"},{"pose_index":65,"data_type":"RotationZ"}]},{"name":"Model_RightLeg","offset":[-0.735785,-42.108738,-0.434061],"parent_index":20,"pose_refs":[{"pose_index":66,"data_type":"RotationX"},{"pose_index":67,"data_type":"RotationY"},{"pose_index":68,"data_type":"RotationZ"}]},{"name":"Model_RightFoot","offset":[0.735776,-36.833748,-0.02163],"parent_index":21,"pose_refs":[{"pose_index":69,"data_type":"RotationX"},{"pose_index":70,"data_type":"RotationY"},{"pose_index":71,"data_type":"RotationZ"}]},{"name":"Model_RightToeBase","offset":[0.565817,-11.977745,15.903093],"parent_index":22,"pose_refs":[{"pose_index":72,"data_type":"RotationX"},{"pose_index":73,"data_type":"RotationY"},{"pose_index":74,"data_type":"RotationZ"}]},{"name":"Model_RightToe_End","offset":[0.111702,-0.312791,7.811342],"parent_index":23,"pose_refs":[{"pose_index":75,"data_type":"RotationX"},{"pose_index":76,"data_type":"RotationY"},{"pose_index":77,"data_type":"RotationZ"}]}],"trajectory_data":{"points":[{"matrix":[0.9998221,-0.018709887,0.002386578,0.0,0.01876662,0.9994724,-0.026509155,0.0,-0.0018893355,0.026549228,0.9996457,0.0,0.191895,95.95428,0.742339,1.0],"velocity":[5.310855,-1.2394563]},{"matrix":[0.99969226,-0.024769554,0.0013450859,0.0,0.02479886,0.9992376,-0.030152787,0.0,-0.0005971894,0.030176863,0.9995444,0.0,0.95408547,95.84782,0.84897596,1.0],"velocity":[3.6137862,1.431091]},{"matrix":[0.999517,-0.031011848,-0.0019997663,0.0,0.030924423,0.9989254,-0.034521643,0.0,0.0030681973,0.03444313,0.9994019,0.0,1.4256698,95.49514,1.0462835,1.0],"velocity":[1.6782855,0.9568572]},{"matrix":[0.99944407,-0.033239335,-0.002580674,0.0,0.03312374,0.9987902,-0.036344964,0.0,0.003785634,0.036239278,0.99933594,0.0,1.5478115,95.073875,1.1669765,1.0],"velocity":[-0.050639097,0.31631553]},{"matrix":[0.999377,-0.035284434,0.00079921156,0.0,0.035289455,0.99866474,-0.03772765,0.0,0.00053305423,0.03773235,0.9992877,0.0,1.4745878,94.778786,1.1648812,1.0],"velocity":[-0.89254266,-0.06480088]},{"matrix":[0.9992775,-0.037913494,0.0026537296,0.0,0.03799279,0.9983438,-0.04319838,0.0,-0.0010115333,0.04326799,0.999063,0.0,1.2612287,94.6103,1.1984795,1.0],"velocity":[-1.808066,0.26399562]},{"matrix":[0.9993059,-0.03698855,0.004418044,0.0,0.037160322,0.9981166,-0.048809797,0.0,-0.002604319,0.048940092,0.9987983,0.0,0.89351386,94.48789,1.2380906,1.0],"velocity":[-2.598787,0.19817911]},{"matrix":[0.9993124,-0.036765054,0.0048043365,0.0,0.03696984,0.9978803,-0.053555492,0.0,-0.0028251822,0.053696286,0.99855334,0.0,0.40839458,94.37248,1.2258226,1.0],"velocity":[-3.3393533,-0.4396661]},{"matrix":[0.9993999,-0.034299742,0.004833449,0.0,0.03451654,0.9978396,-0.055898376,0.0,-0.0029057073,0.056031667,0.99842477,0.0,-0.19978762,94.3212,1.1249715,1.0],"velocity":[-4.001261,-0.7395454]},{"matrix":[0.99949247,-0.031554736,0.00437596,0.0,0.031740695,0.9981251,-0.052333638,0.0,-0.0027163818,0.05244597,0.9986201,0.0,-0.9073757,94.371025,0.955321,1.0],"velocity":[-4.5819297,-1.4695494]},{"matrix":[0.99968547,-0.024933148,0.0027011533,0.0,0.025033485,0.9985535,-0.047583405,0.0,-0.001510842,0.04763606,0.99886364,0.0,-1.7256562,94.56297,0.68952614,1.0],"velocity":[-5.1410556,-1.4187316]},{"matrix":[0.99979556,-0.019834293,-0.003933346,0.0,0.019641181,0.99882907,-0.044212263,0.0,0.004805659,0.04412597,0.99901444,0.0,-2.606775,94.79438,0.47845235,1.0],"velocity":[-5.53584,-1.1709379]},{"matrix":[0.9998697,-0.014999061,-0.0059639104,0.0,0.014754943,0.99912786,-0.03906161,0.0,0.0065445965,0.038968522,0.999219,0.0,-3.5719705,95.02674,0.31041738,1.0],"velocity":[-6.052688,-0.78166413]},{"matrix":[0.99994385,-0.009388236,-0.004909636,0.0,0.009193223,0.9992225,-0.038338836,0.0,0.0052657533,0.038291547,0.99925274,0.0,-4.6244035,95.222855,0.22995402,1.0],"velocity":[-6.5973015,0.1307971]},{"matrix":[0.9999767,0.00087374076,-0.0067728506,0.0,-0.0011349015,0.9992521,-0.038652536,0.0,0.0067340126,0.038659323,0.9992297,0.0,-5.7506886,95.53679,0.32320854,1.0],"velocity":[-6.878992,0.7773441]},{"matrix":[0.9998538,0.01272399,-0.011425774,0.0,-0.01315891,0.9991591,-0.038832862,0.0,0.010922057,0.038977537,0.9991804,0.0,-6.8996124,95.93733,0.50940853,1.0],"velocity":[-6.870152,1.7508253]},{"matrix":[0.9996236,0.024004696,-0.013283032,0.0,-0.02449431,0.99897695,-0.038014904,0.0,0.012356906,0.03832595,0.9991889,0.0,-8.028613,96.069595,0.80178094,1.0],"velocity":[-6.676522,1.3098933]},{"matrix":[0.9991245,0.036151394,-0.021055043,0.0,-0.0368973,0.99866366,-0.036186956,0.0,0.019718695,0.036932148,0.9991232,0.0,-9.113795,96.00152,0.96930856,1.0],"velocity":[-6.1728773,0.8575638]},{"matrix":[0.9986616,0.039973248,-0.032820977,0.0,-0.041188862,0.99845725,-0.037236933,0.0,0.03128186,0.03853895,0.9987673,0.0,-10.063565,95.81801,1.0672753,1.0],"velocity":[-5.111802,0.031978447]},{"matrix":[0.99866855,0.035246573,-0.03766629,0.0,-0.036615767,0.99866986,-0.036300987,0.0,0.036336705,0.037631832,0.9986308,0.0,-10.852571,95.41502,0.9875231,1.0],"velocity":[-4.297514,-0.8661431]},{"matrix":[0.9988666,0.028511796,-0.038111873,0.0,-0.029984873,0.9988026,-0.038655452,0.0,0.036964104,0.03975442,0.99852556,0.0,-11.495639,94.87442,0.87823313,1.0],"velocity":[-3.4869452,-0.51946914]},{"matrix":[0.9988467,0.023751426,-0.041726287,0.0,-0.025521088,0.9987746,-0.042403348,0.0,0.040668014,0.043419346,0.99822885,0.0,-11.655334,94.462906,0.7666414,1.0],"velocity":[1.7259635,-0.62308615]},{"matrix":[0.9989743,0.020181902,-0.040534355,0.0,-0.0219622,0.9987916,-0.043966673,0.0,0.03959804,0.0448118,0.9982104,0.0,-11.141207,94.71289,0.6860399,1.0],"velocity":[4.639285,-0.50884783]},{"matrix":[0.99920624,0.016820237,-0.036110166,0.0,-0.018059958,0.9992489,-0.03428447,0.0,0.03550637,0.0349094,0.99875957,0.0,-10.218413,95.04179,0.51744586,1.0],"velocity":[6.403242,-1.584689]},{"matrix":[0.9995177,0.015717607,-0.026783675,0.0,-0.016327731,0.99960864,-0.022715397,0.0,0.02641616,0.023141757,0.99938315,0.0,-9.05726,95.45281,0.2936599,1.0],"velocity":[7.4930987,-1.0202794]},{"matrix":[0.9997372,0.013085874,-0.018821076,0.0,-0.013382396,0.9997869,-0.01571611,0.0,0.018611405,0.015963852,0.99969935,0.0,-7.7862983,95.67283,0.14693987,1.0],"velocity":[7.60954,-0.7454247]},{"matrix":[0.9997417,0.009136492,-0.020810036,0.0,-0.009265631,0.99993837,-0.0061176578,0.0,0.02075286,0.0063088955,0.99976474,0.0,-6.539863,96.05621,0.04724758,1.0],"velocity":[7.436108,0.104577914]},{"matrix":[0.9996932,0.004298704,-0.024393642,0.0,-0.004295846,0.99999076,0.00016956328,0.0,0.024394145,-0.000064719934,0.9997024,0.0,-5.29859,96.165634,0.21110728,1.0],"velocity":[7.652712,1.6398278]},{"matrix":[0.9997852,-0.0042303833,-0.020288877,0.0,0.0042318976,0.99999106,0.000031682972,0.0,0.02028856,-0.00011753662,0.9997942,0.0,-3.9556212,96.33102,0.48542657,1.0],"velocity":[8.503806,1.2837332]},{"matrix":[0.9998533,-0.012471301,-0.011738596,0.0,0.01242181,0.9999137,-0.0042796377,0.0,0.0117909545,0.0041331956,0.9999219,0.0,-2.4399626,96.482574,0.5900162,1.0],"velocity":[9.925491,-0.20777765]},{"matrix":[0.99973965,-0.021905195,0.0063863965,0.0,0.021957312,0.9997252,-0.008208265,0.0,-0.006204838,0.0083463555,0.99994594,0.0,-0.6501968,96.47328,0.42613304,1.0],"velocity":[11.663947,-1.9117421]},{"matrix":[0.9992285,-0.029063387,0.02641477,0.0,0.029503169,0.9994299,-0.016414592,0.0,-0.025922649,0.017181246,0.9995163,0.0,1.3621526,96.198395,0.039306194,1.0],"velocity":[12.256078,-2.8533032]},{"matrix":[0.9982444,-0.038832415,0.044723377,0.0,0.039802853,0.99898654,-0.021016166,0.0,-0.04386194,0.02275939,0.99877834,0.0,3.3465495,95.805824,-0.48331037,1.0],"velocity":[11.16326,-3.1482587]},{"matrix":[0.99675775,-0.050817117,0.06238303,0.0,0.052647755,0.99821883,-0.028059745,0.0,-0.060845997,0.031253096,0.9976578,0.0,4.995743,95.15932,-0.9571457,1.0],"velocity":[7.9321995,-2.3593922]},{"matrix":[0.99546534,-0.055137545,0.07751511,0.0,0.057923168,0.9977365,-0.03415802,0.0,-0.07545626,0.038493045,0.99640584,0.0,5.9393945,94.72467,-1.2156558,1.0],"velocity":[2.6407287,-0.403668]},{"matrix":[0.9957113,-0.05101189,0.07717962,0.0,0.053652138,0.99802965,-0.032530114,0.0,-0.07536813,0.036531456,0.99648637,0.0,5.8614936,94.6502,-1.2012036,1.0],"velocity":[-4.100136,0.3857941]},{"matrix":[0.9968834,-0.040198863,0.06787855,0.0,0.04224538,0.9986867,-0.02898781,0.0,-0.06662413,0.03176502,0.9972724,0.0,4.7614746,95.11696,-1.0919453,1.0],"velocity":[-9.160841,0.99633855]},{"matrix":[0.997782,-0.029922167,0.059462592,0.0,0.031387087,0.9992226,-0.02385641,0.0,-0.05870253,0.025669852,0.9979454,0.0,2.993666,95.50407,-0.88055605,1.0],"velocity":[-12.035511,1.7295862]},{"matrix":[0.998194,-0.02000607,0.056644328,0.0,0.02121924,0.9995564,-0.020897469,0.0,-0.056201123,0.022061678,0.9981757,0.0,0.87001586,95.82354,-0.5579843,1.0],"velocity":[-13.242274,1.889904]},{"matrix":[0.9987233,-0.008019574,0.04987371,0.0,0.009141866,0.9997092,-0.022315426,0.0,-0.049680248,0.022742877,0.9985062,0.0,-1.3025906,95.94471,-0.24734253,1.0],"velocity":[-12.483353,2.0461986]},{"matrix":[0.9991209,0.004327553,0.041698184,0.0,-0.0034491855,0.9997711,-0.021113843,0.0,-0.041780014,0.020951457,0.99890715,0.0,-3.2093067,96.00872,0.107358366,1.0],"velocity":[-10.047526,1.7367257]},{"matrix":[0.9993825,0.016095152,0.031233747,0.0,-0.015508229,0.99970025,-0.018943474,0.0,-0.03152928,0.018447395,0.99933255,0.0,-4.7813377,96.19402,0.2664697,1.0],"velocity":[-8.643722,0.2913554]},{"matrix":[0.999404,0.021148792,0.02728223,0.0,-0.02059888,0.99958205,-0.020282477,0.0,-0.02769978,0.019708406,0.99942195,0.0,-6.1285615,96.26827,0.28012848,1.0],"velocity":[-7.53999,-0.3059946]},{"matrix":[0.99946576,0.024061438,0.022119284,0.0,-0.023558032,0.99946374,-0.02274435,0.0,-0.022654682,0.022211112,0.9994966,0.0,-7.2842975,96.1767,0.08920768,1.0],"velocity":[-6.171647,-2.0688186]},{"matrix":[0.9997136,0.021747999,0.009988349,0.0,-0.021488834,0.9994474,-0.025359802,0.0,-0.010534354,0.025137901,0.9996285,0.0,-8.230703,95.87952,-0.28505898,1.0],"velocity":[-5.103048,-2.2350152]},{"matrix":[0.99979794,0.017102133,-0.0105663175,0.0,-0.017395876,0.9994463,-0.028363373,0.0,0.010075393,0.028541453,0.9995418,0.0,-8.985498,95.7196,-0.5938035,1.0],"velocity":[-3.9213543,-1.2082539]},{"matrix":[0.9991442,0.014034145,-0.03890939,0.0,-0.015341524,0.9993207,-0.033508178,0.0,0.038412698,0.034076434,0.9986808,0.0,-9.579947,95.35098,-0.738928,1.0],"velocity":[-3.140711,-0.8488021]},{"matrix":[0.99806434,0.0154525675,-0.06023924,0.0,-0.017558537,0.9992474,-0.034588948,0.0,0.059659414,0.03557971,0.9975845,0.0,-10.035175,95.13212,-0.92295074,1.0],"velocity":[-2.2409947,-1.1324776]},{"matrix":[0.99715716,0.015032151,-0.073835105,0.0,-0.017517567,0.9992975,-0.033130247,0.0,0.07328522,0.034329478,0.99672,0.0,-10.314567,95.045074,-1.0416986,1.0],"velocity":[-1.0519772,0.041154996]},{"matrix":[0.99622303,0.01305166,-0.08584487,0.0,-0.015671965,0.9994294,-0.02992094,0.0,0.08540537,0.031153288,0.99585915,0.0,-10.375307,95.18607,-0.86171675,1.0],"velocity":[0.790256,2.267834]},{"matrix":[0.995268,0.011119913,-0.09652985,0.0,-0.013945319,0.9994924,-0.02864462,0.0,0.09616233,0.029855212,0.9949178,0.0,-10.086352,95.25083,-0.31926227,1.0],"velocity":[2.6918828,4.243356]},{"matrix":[0.994365,0.013085624,-0.10519993,0.0,-0.015954161,0.9995222,-0.02647234,0.0,0.104803264,0.028001545,0.99409866,0.0,-9.506413,95.54415,0.39477605,1.0],"velocity":[4.4588723,4.2033973]},{"matrix":[0.9948648,0.012388835,-0.10045141,0.0,-0.014723156,0.9996377,-0.022530323,0.0,0.10013589,0.02389359,0.99468684,0.0,-8.65755,95.80228,1.1137242,1.0],"velocity":[5.691663,4.371148]},{"matrix":[0.99548596,0.015061857,-0.09370628,0.0,-0.017483803,0.9995326,-0.025079036,0.0,0.09328474,0.02660417,0.99528396,0.0,-7.635567,96.260345,1.7661613,1.0],"velocity":[6.6632752,3.131277]},{"matrix":[0.9971108,0.013867448,-0.07468421,0.0,-0.01582168,0.99954605,-0.025638815,0.0,0.07429477,0.02674637,0.9968776,0.0,-6.45277,96.36414,2.1585753,1.0],"velocity":[7.3936515,1.5395715]},{"matrix":[0.9982609,0.015533432,-0.056866843,0.0,-0.016890105,0.99958223,-0.023454582,0.0,0.056478757,0.024374278,0.99810624,0.0,-5.2019296,96.444626,2.361801,1.0],"velocity":[7.8205934,0.8915914]},{"matrix":[0.9993922,0.0062576258,-0.034294106,0.0,-0.007127777,0.99965423,-0.02530998,0.0,0.034123868,0.025539037,0.99909127,0.0,-3.8588166,96.442444,2.3714259,1.0],"velocity":[8.034265,-1.1410533]},{"matrix":[0.9998986,-0.0016854933,-0.014139569,0.0,0.0013681283,0.9997476,-0.022424884,0.0,0.014173797,0.022403266,0.9996485,0.0,-2.5520875,96.2818,2.0549772,1.0],"velocity":[7.6266913,-2.5413673]},{"matrix":[0.99994344,-0.008094794,-0.0069018593,0.0,0.007938714,0.9997187,-0.022349468,0.0,0.0070808325,0.02229341,0.9997264,0.0,-1.3362608,96.15823,1.5600374,1.0],"velocity":[6.833982,-3.4473567]},{"matrix":[0.99989694,-0.014355652,0.00014665836,0.0,0.014354842,0.99958557,-0.024952551,0.0,0.00021161255,0.024952086,0.9996886,0.0,-0.26372147,96.049545,0.9423871,1.0],"velocity":[5.9359813,-4.0571823]},{"matrix":[0.9985393,-0.026109047,-0.04730197,0.0,0.02691631,0.99950135,0.016510274,0.0,0.046847314,-0.017759353,0.9987442,0.0,-0.180995,95.91182,0.730175,1.0],"velocity":[-2.9692802,91.14322]},{"matrix":[0.92455333,0.034446888,0.3794925,0.0,-0.035962716,0.99934834,-0.003096218,0.0,-0.37935182,-0.010784961,0.9251896,0.0,1.0814477,92.32603,15.58995,1.0],"velocity":[22.947079,73.00464]},{"matrix":[0.44621563,0.028584242,0.8944689,0.0,-0.050537534,0.99869967,-0.0067039,0.0,-0.89349747,-0.04221286,0.44708002,0.0,4.087672,92.12405,22.970142,1.0],"velocity":[8.149519,32.865173]},{"matrix":[-0.2960639,0.0116352495,0.95509726,0.0,-0.045017935,0.99864465,-0.02612055,0.0,-0.9541066,-0.050729863,-0.29513884,0.0,3.5035484,96.04866,26.380692,1.0],"velocity":[-11.342528,-2.62774]},{"matrix":[-0.64661837,-0.0073190182,0.7627786,0.0,-0.061953746,0.9971544,-0.042951178,0.0,-0.76029366,-0.075030014,-0.64523184,0.0,1.2876577,94.15262,20.03624,1.0],"velocity":[-13.222597,-88.343994]},{"matrix":[-0.87649965,-0.02621619,0.4806883,0.0,-0.05406196,0.9975601,-0.044172205,0.0,-0.47835746,-0.064703874,-0.8757783,0.0,0.24179065,93.17719,4.555496,1.0],"velocity":[-0.6683261,-87.44053]},{"matrix":[0.99855256,-0.026089678,-0.04703257,0.0,0.026891055,0.9995024,0.016487211,0.0,0.046579022,-0.017728101,0.9987573,0.0,0.18045712,95.91279,-9.695861,1.0],"velocity":[-2.9692802,91.14322]},{"matrix":[0.998722,0.045667678,-0.021651354,0.0,-0.042448096,0.9904615,0.13108802,0.0,0.027431317,-0.13000143,0.9911343,0.0,-0.698,93.90083,2.678952,1.0],"velocity":[11.112621,142.83891]},{"matrix":[0.9917694,0.12650512,0.019748567,0.0,-0.12780468,0.9688274,0.21222484,0.0,0.007714573,-0.21300206,0.9770213,0.0,0.8325798,99.07704,26.760403,1.0],"velocity":[1.9263813,155.20134]},{"matrix":[0.96953547,0.19332166,0.15042505,0.0,-0.19813825,0.9800165,0.017574504,0.0,-0.14402151,-0.046844058,0.9884652,0.0,-0.059591234,91.49993,49.665455,1.0],"velocity":[-34.8911,129.05885]},{"matrix":[0.90876955,0.08345022,0.4088691,0.0,-0.120972835,0.9904099,0.06673652,0.0,-0.39937884,-0.11011018,0.9101496,0.0,-10.143379,99.89601,73.628105,1.0],"velocity":[-80.12644,158.12947]},{"matrix":[0.85002834,0.10715696,0.51572204,0.0,-0.08051866,0.9940155,-0.073823735,0.0,-0.52054644,0.02122702,0.8535695,0.0,-24.861975,91.53804,98.37729,1.0],"velocity":[-85.38473,120.51533]},{"matrix":[0.75608444,0.0801937,0.6495424,0.0,-0.108513296,0.99408853,0.0035803355,0.0,-0.6454155,-0.07319102,0.76031697,0.0,-38.628246,94.29099,115.1334,1.0],"velocity":[-94.43522,108.95107]},{"matrix":[0.6186738,0.13553664,0.7738685,0.0,-0.21711007,0.97614366,0.0026065186,0.0,-0.7550536,-0.16962725,0.6333409,0.0,-55.47798,97.57065,133.62274,1.0],"velocity":[-110.00345,112.46846]},{"matrix":[0.46376872,0.18002728,0.8674726,0.0,-0.124112904,0.9826834,-0.13758375,0.0,-0.87721974,-0.043857504,0.47808158,0.0,-72.537735,88.11973,149.38412,1.0],"velocity":[-115.03921,66.86146]},{"matrix":[0.25447935,0.056568105,0.96542233,0.0,-0.117440715,0.9927071,-0.02721019,0.0,-0.9599208,-0.10645546,0.25926685,0.0,-97.23449,97.01416,158.55629,1.0],"velocity":[-173.53474,42.939205]},{"matrix":[0.14547342,0.09582521,0.98471075,0.0,-0.006600186,0.99537027,-0.09588748,0.0,-0.98934025,0.007449817,0.14543241,0.0,-125.98809,89.18348,164.13013,1.0],"velocity":[-145.89323,18.47589]},{"matrix":[-0.075457215,0.09368988,0.9927378,0.0,-0.08935734,0.9909353,-0.10031175,0.0,-0.9931372,-0.09627766,-0.06640136,0.0,-148.40718,91.59273,166.21031,1.0],"velocity":[-153.51164,10.309547]},{"matrix":[-0.20280707,0.1376245,0.9694993,0.0,-0.1844106,0.9669909,-0.17584482,0.0,-0.9616975,-0.21444851,-0.17073321,0.0,-174.89468,95.20308,166.31102,1.0],"velocity":[-163.54471,-5.9315834]},{"matrix":[-0.31600583,0.20945075,0.92534894,0.0,0.015919149,0.9763607,-0.21556076,0.0,-0.9486237,-0.05338767,-0.31186986,0.0,-198.75204,86.11665,164.26973,1.0],"velocity":[-129.54729,-51.098225]},{"matrix":[-0.5892843,0.08218805,0.80373454,0.0,-0.07477064,0.9849951,-0.1555439,0.0,-0.8044585,-0.1517553,-0.57429695,0.0,-223.78273,94.62367,150.0799,1.0],"velocity":[-142.20969,-92.01049]},{"matrix":[-0.7197952,0.123237796,0.68316,0.0,0.083770044,0.99234414,-0.0907504,0.0,-0.6891137,-0.008093357,-0.7246082,0.0,-247.29538,87.403496,132.25989,1.0],"velocity":[-118.11898,-96.63564]},{"matrix":[-0.8749051,0.09122669,0.4756247,0.0,0.031617902,0.9907625,-0.13187143,0.0,-0.48326132,-0.10033673,-0.8697076,0.0,-264.77347,89.61304,117.15124,1.0],"velocity":[-110.846176,-116.3049]},{"matrix":[-0.9376402,0.15693939,0.31016293,0.0,0.071282,0.96012664,-0.27032512,0.0,-0.34022036,-0.23135865,-0.9114404,0.0,-282.6212,93.313835,95.54434,1.0],"velocity":[-102.16532,-144.42613]},{"matrix":[-0.9554523,0.24875128,0.15885068,0.0,0.23869324,0.96780705,-0.07984376,0.0,-0.17359807,-0.03837033,-0.98406875,0.0,-296.49094,85.48693,74.88205,1.0],"velocity":[-37.47911,-117.8306]},{"matrix":[-0.99020326,0.08703015,-0.10919473,0.0,0.09907737,0.9889541,-0.11024247,0.0,0.09839416,-0.11998117,-0.98788834,0.0,-299.3787,94.28045,49.82537,1.0],"velocity":[-4.11796,-170.00958]},{"matrix":[-0.9479232,0.14130113,-0.28543878,0.0,0.14143142,0.98974055,0.02026811,0.0,0.28537422,-0.0211574,-0.95818245,0.0,-298.1447,87.0974,21.67057,1.0],"velocity":[16.865509,-152.68356]},{"matrix":[-0.87394047,0.106381506,-0.474248,0.0,0.14430475,0.98854667,-0.044176627,0.0,0.4641167,-0.10704398,-0.87928236,0.0,-293.78735,88.29456,0.03347969,1.0],"velocity":[37.469955,-140.72107]},{"matrix":[-0.7730849,0.1685164,-0.6115079,0.0,0.28913337,0.95170283,-0.10326462,0.0,0.564572,-0.25663966,-0.7844708,0.0,-285.6456,94.94942,-25.04558,1.0],"velocity":[57.440872,-153.25165]},{"matrix":[-0.69367206,0.27822164,-0.6643883,0.0,0.2533364,0.9576932,0.13654451,0.0,0.6742698,-0.07359663,-0.7348087,0.0,-277.13422,85.91085,-48.087814,1.0],"velocity":[68.76755,-99.23661]},{"matrix":[-0.54887855,0.12463336,-0.82655853,0.0,0.15855373,0.986394,0.04344626,0.0,0.8207273,-0.107207224,-0.56117153,0.0,-259.9625,95.26039,-64.458176,1.0],"velocity":[131.10274,-97.48249]},{"matrix":[-0.42826438,0.14638108,-0.89171886,0.0,0.13113543,0.9864143,0.09894576,0.0,0.89408803,-0.07456099,-0.44164193,0.0,-236.81004,91.283035,-79.99815,1.0],"velocity":[135.23442,-81.61581]},{"matrix":[-0.29599524,0.09663257,-0.95028913,0.0,0.13146155,0.98952353,0.05967474,0.0,0.9461,-0.10726304,-0.30559766,0.0,-216.65187,88.261246,-90.078415,1.0],"velocity":[138.8397,-50.20423]},{"matrix":[-0.10453713,0.15518242,-0.9823392,0.0,0.2690369,0.9553351,0.12228654,0.0,0.95743984,-0.25150198,-0.14161777,0.0,-192.0872,97.28655,-99.1452,1.0],"velocity":[169.08446,-48.359478]},{"matrix":[-0.08429527,0.22751096,-0.97012025,0.0,0.09257555,0.97116256,0.2197114,0.0,0.9921312,-0.07128882,-0.10292637,0.0,-166.68695,88.4981,-106.95836,1.0],"velocity":[130.08377,-22.68128]},{"matrix":[0.14380181,0.11319575,-0.9831112,0.0,0.09886195,0.9868236,0.12808393,0.0,0.9846559,-0.11561099,0.13071626,0.0,-141.94481,96.88855,-106.79112,1.0],"velocity":[172.94058,22.08803]},{"matrix":[0.35309243,0.11079262,-0.92900527,0.0,0.058180973,0.9884415,0.13999416,0.0,0.9337777,-0.103481315,0.34256518,0.0,-113.35814,95.25439,-101.49213,1.0],"velocity":[168.33878,50.04447]},{"matrix":[0.4920447,0.029587734,-0.870067,0.0,0.014364056,0.9990103,0.04209585,0.0,0.87045145,-0.033210736,0.49113274,0.0,-89.95027,88.777214,-94.58239,1.0],"velocity":[128.651,53.707882]},{"matrix":[0.6622985,0.13824533,-0.7363756,0.0,0.06995492,0.9671267,0.24448366,0.0,0.74596715,-0.21343426,0.6308556,0.0,-66.62118,98.58069,-84.45755,1.0],"velocity":[144.99649,76.61072]},{"matrix":[0.73469806,0.2225146,-0.6408635,0.0,-0.122305155,0.97264355,0.1974992,0.0,0.66727823,-0.066721365,0.741814,0.0,-42.710712,90.51411,-72.10233,1.0],"velocity":[116.53721,63.68922]},{"matrix":[0.8583228,0.15405689,-0.48943686,0.0,-0.085877776,0.9835399,0.15897913,0.0,0.5058725,-0.09442367,0.85742474,0.0,-26.319544,95.367386,-55.732086,1.0],"velocity":[83.230644,141.07652]},{"matrix":[0.95945823,0.107209995,-0.2606643,0.0,-0.06596789,0.9845619,0.16212976,0.0,0.27402207,-0.13836128,0.95171845,0.0,-13.139821,97.71399,-31.607643,1.0],"velocity":[70.19523,161.95195]},{"matrix":[0.9899042,0.038303,-0.13646445,0.0,-0.035335157,0.9990848,0.02410533,0.0,0.13726285,-0.019039975,0.9903517,0.0,-3.2659674,88.726166,-7.741394,1.0],"velocity":[36.690228,121.50365]},{"matrix":[0.9987077,-0.046053715,0.021492245,0.0,0.04285361,0.99045354,0.1310164,0.0,-0.027320864,-0.12992609,0.9911472,0.0,0.701142,93.905014,2.680985,1.0],"velocity":[-11.163557,142.75371]},{"matrix":[0.99177176,-0.1264622,-0.019902982,0.0,0.12779547,0.96882397,0.21224616,0.0,-0.0075586285,-0.21304326,0.9770135,0.0,-0.8340648,99.05985,26.757408,1.0],"velocity":[-1.8932048,155.17856]},{"matrix":[0.96940863,-0.1937633,-0.1506742,0.0,0.1986024,0.9799219,0.017614033,0.0,0.14423597,-0.04699945,0.98842657,0.0,0.066312075,91.48643,49.66091,1.0],"velocity":[34.68897,129.27858]},{"matrix":[0.90874934,-0.08340198,-0.40892386,0.0,0.12094489,0.9904107,0.066776216,0.0,0.39943326,-0.1101401,0.9101221,0.0,10.14518,99.90871,73.62905,1.0],"velocity":[80.13931,158.1107]},{"matrix":[0.8497022,-0.107789546,-0.5161275,0.0,0.081040114,0.9939479,-0.07416237,0.0,0.5209978,0.021188894,0.85329497,0.0,24.880257,91.55628,98.389435,1.0],"velocity":[85.42856,120.52494]},{"matrix":[0.75597817,-0.08057992,-0.64961827,0.0,0.10878046,0.9940604,0.0032855459,0.0,0.64549506,-0.07314958,0.7602534,0.0,38.631992,94.29558,115.13259,1.0],"velocity":[94.32101,108.93459]},{"matrix":[0.61853635,-0.13556617,-0.7739733,0.0,0.21716481,0.97613156,0.0025762245,0.0,0.7551505,-0.16967323,0.63321304,0.0,55.47478,97.55398,133.62227,1.0],"velocity":[109.95699,112.3824]},{"matrix":[0.4635533,-0.18044098,-0.8675018,0.0,0.1243947,0.9826019,-0.13791104,0.0,0.87729377,-0.043983504,0.47793424,0.0,72.53949,88.109856,149.37495,1.0],"velocity":[115.09643,66.91364]},{"matrix":[0.25440747,-0.05649825,-0.9654454,0.0,0.11744139,0.99270874,-0.027146354,0.0,0.95993984,-0.10647701,0.25918776,0.0,97.236404,97.02952,158.55508,1.0],"velocity":[173.56953,42.928223]},{"matrix":[0.14493906,-0.096465215,-0.9847269,0.0,0.006675344,0.99530876,-0.09651931,0.0,0.989418,0.007416021,0.14490306,0.0,126.00877,89.201515,164.12428,1.0],"velocity":[145.90926,18.449339]},{"matrix":[-0.075604916,-0.09410817,-0.992687,0.0,0.08928197,0.99089885,-0.10073853,0.0,0.9931327,-0.096245386,-0.06651473,0.0,148.41043,91.59602,166.20668,1.0],"velocity":[153.41185,10.399268]},{"matrix":[-0.2029742,-0.13754398,-0.96947575,0.0,0.18443593,0.9669931,-0.17580616,0.0,0.9616574,-0.21449026,-0.17090666,0.0,174.89442,95.18774,166.31372,1.0],"velocity":[163.44125,-5.943485]},{"matrix":[-0.31618547,-0.20984931,-0.92519724,0.0,-0.015936032,0.9762663,-0.21598645,0.0,0.94856346,-0.053547814,-0.31202543,0.0,198.74571,86.1062,164.26358,1.0],"velocity":[129.62968,-51.110126]},{"matrix":[-0.5893501,-0.082046315,-0.8037007,0.0,0.07487066,0.9850013,-0.15545683,0.0,0.8044009,-0.1517921,-0.57436776,0.0,223.78255,94.64009,150.0774,1.0],"velocity":[142.18497,-92.0288]},{"matrix":[-0.71998787,-0.1236149,-0.6828886,0.0,-0.08404479,0.99229693,-0.09101258,0.0,0.6888788,-0.008134726,-0.72483087,0.0,247.29953,87.41561,132.24666,1.0],"velocity":[118.259056,-97.07875]},{"matrix":[-0.8749484,-0.09167746,-0.47545856,0.0,-0.032042578,0.990723,-0.1320649,0.0,0.48315513,-0.10031503,-0.8697691,0.0,264.77274,89.61588,117.146034,1.0],"velocity":[110.84801,-116.18405]},{"matrix":[-0.9377034,-0.15692234,-0.30998027,0.0,-0.07129995,0.9601162,-0.27035746,0.0,0.34004223,-0.23141351,-0.9114927,0.0,282.62222,93.296455,95.54819,1.0],"velocity":[102.084755,-144.3355]},{"matrix":[-0.9553813,-0.2492508,-0.15849541,0.0,-0.23917824,0.9676709,-0.08004232,0.0,0.173322,-0.038562275,-0.98411,0.0,296.48154,85.475624,74.88675,1.0],"velocity":[37.52855,-117.93268]},{"matrix":[-0.9901984,-0.08699856,0.1092639,0.0,-0.09905753,0.9889524,-0.11027581,0.0,-0.098462954,-0.120018326,-0.9878769,0.0,299.3766,94.29327,49.823822,1.0],"velocity":[4.0923257,-170.01279]},{"matrix":[-0.94778764,-0.14162838,0.2857268,0.0,-0.1417529,0.9896927,0.020358317,0.0,-0.28566504,-0.021207236,-0.9580947,0.0,298.13696,87.10981,21.660486,1.0],"velocity":[-16.88748,-152.7156]},{"matrix":[-0.8738049,-0.10685173,0.47439212,0.0,-0.1447176,0.9884981,-0.0439135,0.0,-0.46424347,-0.107024714,-0.87921786,0.0,293.7822,88.299706,0.03046608,1.0],"velocity":[-37.36559,-140.62578]},{"matrix":[-0.7730093,-0.16839711,0.6116367,0.0,-0.28908744,0.9517094,-0.10333274,0.0,-0.5646995,-0.2566936,-0.7843617,0.0,285.64822,94.93264,-25.045935,1.0],"velocity":[-57.429886,-153.19603]},{"matrix":[-0.6933942,-0.27857327,0.66453105,0.0,-0.2536829,0.95757675,0.13671759,0.0,-0.6744254,-0.073781,-0.7346475,0.0,277.13428,85.8967,-48.0789,1.0],"velocity":[-68.80234,-99.33525]},{"matrix":[-0.5488683,-0.12448091,0.8265883,0.0,-0.15850618,0.9864082,0.04329844,0.0,-0.8207432,-0.10725422,-0.5611391,0.0,259.9623,95.27177,-64.45795,1.0],"velocity":[-131.08443,-97.45411]},{"matrix":[-0.4280659,-0.14652492,0.89179033,0.0,-0.13121153,0.9863902,0.09908558,0.0,-0.8941718,-0.07459804,-0.44146574,0.0,236.80241,91.29592,-79.99769,1.0],"velocity":[-135.29301,-81.63]},{"matrix":[-0.29586768,-0.09696467,0.95029473,0.0,-0.13150282,0.989497,0.06002223,0.0,-0.94613385,-0.107207805,-0.30551136,0.0,216.64676,88.26676,-90.07741,1.0],"velocity":[-138.71794,-50.211094]},{"matrix":[-0.10443473,-0.1549419,0.9823881,0.0,-0.269054,0.9553572,0.12207626,0.0,-0.9574463,-0.2515664,-0.1414603,0.0,192.08598,97.272385,-99.148056,1.0],"velocity":[-169.05882,-48.35078]},{"matrix":[-0.08398867,-0.22781202,0.9700761,0.0,-0.09271116,0.9710795,0.22002079,0.0,-0.99214447,-0.07145761,-0.102680445,0.0,166.6936,88.48092,-106.955154,1.0],"velocity":[-130.15976,-22.69776]},{"matrix":[0.14380509,-0.11300083,0.98313326,0.0,-0.09894722,0.98683894,0.12789999,0.0,-0.984647,-0.11567097,0.13073134,0.0,141.94476,96.89583,-106.79141,1.0],"velocity":[-172.89755,22.078875]},{"matrix":[0.3532465,-0.11079875,0.9289459,0.0,-0.05817406,0.9884388,0.14001629,0.0,-0.93371975,-0.10350081,0.34271693,0.0,113.3576,95.26884,-101.48877,1.0],"velocity":[-168.47015,50.287083]},{"matrix":[0.49221796,-0.030097794,0.86995155,0.0,-0.01403255,0.9989978,0.04250203,0.0,-0.8703589,-0.033127904,0.4913023,0.0,89.946434,88.786385,-94.57559,1.0],"velocity":[-128.56265,53.61679]},{"matrix":[0.6623727,-0.13808545,0.73633885,0.0,-0.0700817,0.96713644,0.2444088,0.0,-0.7458894,-0.2134936,0.6309275,0.0,66.61921,98.56838,-84.45921,1.0],"velocity":[-145.00977,76.60385]},{"matrix":[0.7348956,-0.2228511,0.64052,0.0,0.12251085,0.97255427,0.19781129,0.0,-0.66702294,-0.0669,0.7420275,0.0,42.721073,90.49418,-72.107155,1.0],"velocity":[-116.52645,63.708447]},{"matrix":[0.8583297,-0.15421481,0.48937503,0.0,0.08596079,0.98350364,0.15915836,0.0,-0.5058467,-0.09454329,0.85742676,0.0,26.32059,95.36592,-55.731598,1.0],"velocity":[-83.264404,141.08842]},{"matrix":[0.9595117,-0.107099384,0.26051304,0.0,0.06587997,0.98456955,0.1621193,0.0,-0.27385607,-0.13839278,0.95176166,0.0,13.141827,97.73341,-31.604393,1.0],"velocity":[-70.18298,162.01295]},{"matrix":[0.9899417,-0.03905384,0.1359787,0.0,0.03609692,0.9990566,0.024144607,0.0,-0.13679335,-0.018993342,0.9904175,0.0,3.2703867,88.739105,-7.7258053,1.0],"velocity":[-36.6684,121.35502]},{"matrix":[0.99854183,-0.026027175,-0.04729483,0.0,0.02683439,0.9995035,0.016513595,0.0,0.046841543,-0.017758643,0.9987445,0.0,-0.184628,95.910164,0.722266,1.0],"velocity":[-3.3003547,152.55392]},{"matrix":[0.9989787,-0.03394559,0.029820396,0.0,0.033580013,0.9993557,0.012675788,0.0,-0.030231467,-0.011661474,0.9994749,0.0,-0.3348314,94.03894,26.444838,1.0],"velocity":[3.5197105,159.44667]},{"matrix":[0.99773693,-0.011543065,0.06624047,0.0,0.009835582,0.9996124,0.026045512,0.0,-0.06651544,-0.025335055,0.9974637,0.0,1.6037152,89.79262,56.75205,1.0],"velocity":[13.947866,174.51091]},{"matrix":[0.999671,-0.025502814,0.0027352476,0.0,0.025455767,0.99954724,0.016040593,0.0,-0.0031430896,-0.015965689,0.9998676,0.0,3.3970199,96.116,83.66933,1.0],"velocity":[4.6398287,144.69942]},{"matrix":[0.9948512,0.020275353,-0.09929798,0.0,-0.016973155,0.9992781,0.033988126,0.0,0.09991542,-0.032127723,0.9944771,0.0,3.600606,93.47539,108.8784,1.0],"velocity":[-1.8904977,165.88292]},{"matrix":[0.99118733,-0.010061942,-0.132085,0.0,0.017381525,0.998369,0.054380264,0.0,0.13132238,-0.056196865,0.9897456,0.0,1.7128348,89.66895,138.14331,1.0],"velocity":[-14.373435,168.4372]},{"matrix":[0.99758106,-0.028548663,-0.0633794,0.0,0.029686572,0.99941325,0.017085213,0.0,0.06285445,-0.018925402,0.99784327,0.0,-0.089039326,95.587166,165.76552,1.0],"velocity":[-5.7977443,155.39577]},{"matrix":[0.9978965,0.06478486,-0.0023574133,0.0,-0.06482645,0.9969879,-0.042575512,0.0,-0.00040793576,0.042638775,0.9990905,0.0,-0.338408,94.869255,0.320906,1.0],"velocity":[3.7351055,74.75257]},{"matrix":[0.9999343,0.008765576,0.0073876497,0.0,-0.008809846,0.9999433,0.0059812632,0.0,-0.007334802,-0.006045954,0.9999548,0.0,0.13480383,95.308784,13.160857,1.0],"velocity":[-0.239335,90.93282]},{"matrix":[0.999187,-0.035122108,-0.019794405,0.0,0.03518511,0.9993768,0.0028434643,0.0,0.019682199,-0.0035376209,0.9998,0.0,-0.9034336,94.6684,31.236961,1.0],"velocity":[-11.640427,116.80374]},{"matrix":[0.99714005,-0.07281944,0.020225665,0.0,0.07382245,0.99579185,-0.054303188,0.0,-0.016186224,0.05564099,0.9983196,0.0,-2.6931565,94.26686,47.349762,1.0],"velocity":[-6.6785245,79.3561]},{"matrix":[0.9900963,-0.0062645753,0.14025031,0.0,0.01651247,0.9972662,-0.072024696,0.0,-0.1394157,0.073627256,0.9874929,0.0,-2.8986683,95.564285,59.47614,1.0],"velocity":[3.619837,67.09103]},{"matrix":[0.9756822,0.017991899,0.21845023,0.0,-0.0055361013,0.9983303,-0.05749768,0.0,-0.21911998,0.054890104,0.9741527,0.0,-2.1980627,94.90173,72.59561,1.0],"velocity":[2.7069602,103.89975]},{"matrix":[0.95398355,0.08433504,0.2877551,0.0,-0.05778762,0.9933531,-0.09955004,0.0,-0.294238,0.07834041,0.952516,0.0,-2.3886373,94.649284,90.80263,1.0],"velocity":[-4.282351,92.304375]},{"matrix":[0.9528995,0.079531,0.29267275,0.0,-0.06572321,0.996224,-0.056729127,0.0,-0.29607934,0.034821767,0.9545284,0.0,-3.6599386,95.44248,103.39989,1.0],"velocity":[-12.210002,65.37742]},{"matrix":[0.96087366,0.019882387,0.27627242,0.0,-0.020648403,0.9997868,-0.00013623806,0.0,-0.2762162,-0.0055736764,0.96107936,0.0,-5.8503532,96.605644,113.86509,1.0],"velocity":[-18.339334,64.84642]},{"matrix":[0.94456875,0.034672346,0.3264778,0.0,-0.051558066,0.99773484,0.04320762,0.0,-0.32424018,-0.05764513,0.9442168,0.0,-10.094648,95.5243,126.55619,1.0],"velocity":[-37.881706,90.92973]},{"matrix":[0.9412199,-0.008792579,0.33767986,0.0,0.012892181,0.99986786,-0.009899797,0.0,-0.3375482,0.013671316,0.94120896,0.0,-17.45282,94.57165,141.70245,1.0],"velocity":[-43.75149,74.201096]},{"matrix":[0.8503171,0.027089417,0.52557296,0.0,0.022833724,0.9958348,-0.088270314,0.0,-0.525775,0.08705855,0.84615684,0.0,-23.640295,95.05472,152.88992,1.0],"velocity":[-29.757135,61.08826]},{"matrix":[0.72563994,0.05697658,0.6857116,0.0,0.0064026844,0.99596345,-0.08953129,0.0,-0.6880449,0.06935787,0.72234607,0.0,-28.663748,95.84634,162.17169,1.0],"velocity":[-35.23085,58.039616]},{"matrix":[0.65154153,0.055421684,0.7565858,0.0,0.02488343,0.99522984,-0.094331525,0.0,-0.75820476,0.08028736,0.64705443,0.0,-36.150696,94.56401,173.95421,1.0],"velocity":[-58.83931,88.97466]},{"matrix":[0.52057344,0.102065,0.8476946,0.0,-0.010675859,0.9935299,-0.113067925,0.0,-0.85375017,0.049810294,0.51829493,0.0,-45.667774,94.40974,187.16032,1.0],"velocity":[-44.24358,58.922165]},{"matrix":[0.4214182,0.046787914,0.90565866,0.0,-0.021358754,0.9989033,-0.041666508,0.0,-0.90661484,-0.0017847158,0.42195535,0.0,-53.288918,95.10831,194.95708,1.0],"velocity":[-47.609905,37.275867]},{"matrix":[0.36076367,0.009023458,0.9326136,0.0,-0.04508478,0.9989529,0.0077748615,0.0,-0.93156695,-0.044851564,0.3607927,0.0,-61.840157,95.487816,200.35503,1.0],"velocity":[-63.021355,29.788834]},{"matrix":[0.37869006,0.03312692,0.9249306,0.0,-0.06311973,0.9979569,-0.00989957,0.0,-0.9233688,-0.054632492,0.38000733,0.0,-75.40984,94.058846,205.69693,1.0],"velocity":[-104.37536,33.75299]},{"matrix":[0.3645153,-0.005560305,0.9311808,0.0,0.05749877,0.9982084,-0.016547626,0.0,-0.92942053,0.059573613,0.36418194,0.0,-91.09481,92.96862,210.0407,1.0],"velocity":[-76.50818,17.975105]},{"matrix":[0.096891284,0.04499208,0.99427754,0.0,0.10196426,0.99327296,-0.054882944,0.0,-0.99005824,0.10669845,0.09165192,0.0,-102.35277,94.720375,212.66095,1.0],"velocity":[-60.780647,13.761017]},{"matrix":[-0.042226434,0.058486853,0.9973948,0.0,0.0822732,0.99509823,-0.054869026,0.0,-0.9957149,0.07974194,-0.04683137,0.0,-112.9548,95.28229,214.26982,1.0],"velocity":[-75.56932,8.383317]},{"matrix":[-0.18469322,0.05088577,0.98147804,0.0,0.12214397,0.99210453,-0.028451823,0.0,-0.9751765,0.11462676,-0.18945038,0.0,-128.32573,94.22622,214.80618,1.0],"velocity":[-98.075745,-6.2144756]},{"matrix":[-0.39239562,0.09438037,0.91494155,0.0,0.10708507,0.9926449,-0.05646971,0.0,-0.9135417,0.07581812,-0.39961624,0.0,-140.98303,94.661064,213.29053,1.0],"velocity":[-55.726124,-16.694307]},{"matrix":[-0.5617833,0.008619517,0.8272396,0.0,-0.017473439,0.99959904,-0.022281753,0.0,-0.8271,-0.026972236,-0.56140745,0.0,-149.01715,95.840195,209.99338,1.0],"velocity":[-42.74512,-25.030018]},{"matrix":[-0.66221654,-0.0074006673,0.74927604,0.0,-0.050331183,0.9981322,-0.03462448,0.0,-0.74762034,-0.06064085,-0.66135216,0.0,-156.81364,95.62232,203.91762,1.0],"velocity":[-54.224686,-54.8747]},{"matrix":[-0.7331134,-0.011978844,0.6800008,0.0,-0.035652354,0.999147,-0.020836141,0.0,-0.6791712,-0.039518885,-0.73291516,0.0,-165.63512,94.87753,191.72076,1.0],"velocity":[-46.107784,-83.83134]},{"matrix":[-0.8329046,0.0006112844,0.55341655,0.0,0.004289823,0.99997646,0.0053517423,0.0,-0.5534002,0.0068315486,-0.83288753,0.0,-171.85849,94.78939,179.2985,1.0],"velocity":[-27.07435,-67.15625]},{"matrix":[-0.93368554,0.058824927,0.35322967,0.0,0.07043652,0.9973138,0.020096386,0.0,-0.3510987,0.043643974,-0.935321,0.0,-176.2601,95.797714,169.02594,1.0],"velocity":[-26.76033,-61.94426]},{"matrix":[-0.9573221,0.06265569,0.28214955,0.0,0.07008141,0.9974082,0.01629347,0.0,-0.28039742,0.035371542,-0.959232,0.0,-180.80092,95.424355,157.05061,1.0],"velocity":[-33.51038,-91.18013]},{"matrix":[-0.9836062,0.08418184,0.1594757,0.0,0.09044159,0.9953747,0.032396346,0.0,-0.15601088,0.046288475,-0.9866704,0.0,-186.42343,94.80085,139.04626,1.0],"veloc