{"joints":[{"name":"Model_Hips","offset":[0.0,96.91508,0.0],"parent_index":null,"pose_refs":[{"pose_index":0,"data_type":"PositionX"},{"pose_index":1,"data_type":"PositionY"},{"pose_index":2,"data_type":"PositionZ"},{"pose_index":3,"data_type":"RotationX"},{"pose_index":4,"data_type":"RotationY"},{"pose_index":5,"data_type":"RotationZ"}]},{"name":"Model_Spine","offset":[0.0,11.137703,-1.2899],"parent_index":0,"pose_refs":[{"pose_index":6,"data_type":"RotationX"},{"pose_index":7,"data_type":"RotationY"},{"pose_index":8,"data_type":"RotationZ"}]},{"name":"Model_Spine1","offset":[0.0,12.993942,-1.504922],"parent_index":1,"pose_refs":[{"pose_index":9,"data_type":"RotationX"},{"pose_index":10,"data_type":"RotationY"},{"pose_index":11,"data_type":"RotationZ"}]},{"name":"Model_Spine2","offset":[0.0,14.85022,-1.719911],"parent_index":2,"pose_refs":[{"pose_index":12,"data_type":"RotationX"},{"pose_index":13,"data_type":"RotationY"},{"pose_index":14,"data_type":"RotationZ"}]},{"name":"Model_Neck","offset":[0.0,16.706543,-1.934903],"parent_index":3,"pose_refs":[{"pose_index":15,"data_type":"RotationX"},{"pose_index":16,"data_type":"RotationY"},{"pose_index":17,"data_type":"RotationZ"}]},{"name":"Model_Head","offset":[0.0,10.471298,2.0021],"parent_index":4,"pose_refs":[{"pose_index":18,"data_type":"RotationX"},{"pose_index":19,"data_type":"RotationY"},{"pose_index":20,"data_type":"RotationZ"}]},{"name":"Model_HeadTop_End","offset":[0.0,20.842606,3.9851],"parent_index":5,"pose_refs":[{"pose_index":21,"data_type":"RotationX"},{"pose_index":22,"data_type":"RotationY"},{"pose_index":23,"data_type":"RotationZ"}]},{"name":"Model_LeftShoulder","offset":[7.0085,14.7686,-1.919946],"parent_index":3,"pose_refs":[{"pose_index":24,"data_type":"RotationX"},{"pose_index":25,"data_type":"RotationY"},{"pose_index":26,"data_type":"RotationZ"}]},{"name":"Model_LeftArm","offset":[14.126271,-3.718048,0.029937],"parent_index":7,"pose_refs":[{"pose_index":27,"data_type":"RotationX"},{"pose_index":28,"data_type":"RotationY"},{"pose_index":29,"data_type":"RotationZ"}]},{"name":"Model_LeftForeArm","offset":[28.2828,0.0,0.0],"parent_index":8,"pose_refs":[{"pose_index":30,"data_type":"RotationX"},{"pose_index":31,"data_type":"RotationY"},{"pose_index":32,"data_type":"RotationZ"}]},{"name":"Model_LeftHand","offset":[26.204689,0.0,0.0],"parent_index":9,"pose_refs":[{"pose_index":33,"data_type":"RotationX"},{"pose_index":34,"data_type":"RotationY"},{"pose_index":35,"data_type":"RotationZ"}]},{"name":"Model_RightShoulder","offset":[-7.0085,14.768555,-1.94984],"parent_index":3,"pose_refs":[{"pose_index":36,"data_type":"RotationX"},{"pose_index":37,"data_type":"RotationY"},{"pose_index":38,"data_type":"RotationZ"}]},{"name":"Model_RightArm","offset":[-14.126281,-3.718018,-0.029932],"parent_index":11,"pose_refs":[{"pose_index":39,"data_type":"RotationX"},{"pose_index":40,"data_type":"RotationY"},{"pose_index":41,"data_type":"RotationZ"}]},{"name":"Model_RightForeArm","offset":[-28.283798,0.0,-0.000001],"parent_index":12,"pose_refs":[{"pose_index":42,"data_type":"RotationX"},{"pose_index":43,"data_type":"RotationY"},{"pose_index":44,"data_type":"RotationZ"}]},{"name":"Model_RightHand","offset":[-26.204193,0.0,-0.000001],"parent_index":13,"pose_refs":[{"pose_index":45,"data_type":"RotationX"},{"pose_index":46,"data_type":"RotationY"},{"pose_index":47,"data_type":"RotationZ"}]},{"name":"Model_LeftUpLeg","offset":[8.3277,-6.193199,-0.4028],"parent_index":0,"pose_refs":[{"pose_index":48,"data_type":"RotationX"},{"pose_index":49,"data_type":"RotationY"},{"pose_index":50,"data_type":"RotationZ"}]},{"name":"Model_LeftLeg","offset":[0.735802,-42.10874,-0.610721],"parent_index":15,"pose_refs":[{"pose_index":51,"data_type":"RotationX"},{"pose_index":52,"data_type":"RotationY"},{"pose_index":53,"data_type":"RotationZ"}]},{"name":"Model_LeftFoot","offset":[-0.735806,-36.833748,-0.172876],"parent_index":16,"pose_refs":[{"pose_index":54,"data_type":"RotationX"},{"pose_index":55,"data_type":"RotationY"},{"pose_index":56,"data_type":"RotationZ"}]},{"name":"Model_LeftToeBase","offset":[-0.565857,-11.977769,16.297714],"parent_index":17,"pose_refs":[{"pose_index":57,"data_type":"RotationX"},{"pose_index":58,"data_type":"RotationY"},{"pose_index":59,"data_type":"RotationZ"}]},{"name":"Model_LeftToe_End","offset":[-0.111712,-0.312793,7.857784],"parent_index":18,"pose_refs":[{"pose_index":60,"data_type":"RotationX"},{"pose_index":61,"data_type":"RotationY"},{"pose_index":62,"data_type":"RotationZ"}]},{"name":"Model_RightUpLeg","offset":[-8.3277,-6.193199,-0.5165],"parent_index":0,"pose_refs":[{"pose_index":63,"data_type":"RotationX"},{"pose_index":64,"data_type":"RotationY"},{"pose_index":65,"data_type":"RotationZ"}]},{"name":"Model_RightLeg","offset":[-0.735785,-42.108738,-0.434061],"parent_index":20,"pose_refs":[{"pose_index":66,"data_type":"RotationX"},{"pose_index":67,"data_type":"RotationY"},{"pose_index":68,"data_type":"RotationZ"}]},{"name":"Model_RightFoot","offset":[0.735776,-36.833748,-0.02163],"parent_index":21,"pose_refs":[{"pose_index":69,"data_type":"RotationX"},{"pose_index":70,"data_type":"RotationY"},{"pose_index":71,"data_type":"RotationZ"}]},{"name":"Model_RightToeBase","offset":[0.565817,-11.977745,15.903093],"parent_index":22,"pose_refs":[{"pose_index":72,"data_type":"RotationX"},{"pose_index":73,"data_type":"RotationY"},{"pose_index":74,"data_type":"RotationZ"}]},{"name":"Model_RightToe_End","offset":[0.111702,-0.312791,7.811342],"parent_index":23,"pose_refs":[{"pose_index":75,"data_type":"RotationX"},{"pose_index":76,"data_type":"RotationY"},{"pose_index":77,"data_type":"RotationZ"}]}],"trajectories":{"matrices":[[0.9987077,-0.046053715,0.021492245,0.0,0.04285361,0.99045354,0.1310164,0.0,-0.027320864,-0.12992609,0.9911472,0.0,0.701142,93.905014,2.680985,1.0],[0.9917727,-0.12645398,-0.019907597,0.0,0.1277882,0.96881837,0.21227613,0.0,-0.0075563164,-0.21307364,0.9770069,0.0,-0.83400893,99.06098,26.752829,1.0],[0.9694214,-0.19378275,-0.150567,0.0,0.19861647,0.9799191,0.017611098,0.0,0.14413074,-0.046977658,0.98844296,0.0,0.06426471,91.48505,49.653282,1.0],[0.9087956,-0.08341355,-0.40881866,0.0,0.1209257,0.99041575,0.06673534,0.0,0.39933383,-0.11008547,0.91017234,0.0,10.1380825,99.90814,73.61505,1.0],[0.84969485,-0.10794142,-0.5161079,0.0,0.08119261,0.9939323,-0.07420449,0.0,0.5209861,0.021147016,0.8533032,0.0,24.870173,91.56354,98.37521,1.0],[0.7560691,-0.08041181,-0.6495332,0.0,0.108564705,0.9940839,0.0033044294,0.0,0.6454248,-0.07301476,0.760326,0.0,38.618073,94.283455,115.116516,1.0],[0.6185857,-0.13555051,-0.7739366,0.0,0.21736915,0.9760855,0.002781324,0.0,0.7550514,-0.16995043,0.63325703,0.0,55.455307,97.562355,133.60236,1.0],[0.46373576,-0.18049607,-0.8673929,0.0,0.12440762,0.98259395,-0.13795604,0.0,0.8771956,-0.043935135,0.47811902,0.0,72.51572,88.106476,149.36113,1.0],[0.2546907,-0.05657404,-0.9653663,0.0,0.11731783,0.99272114,-0.027225401,0.0,0.9598798,-0.10632062,0.25947398,0.0,97.19543,97.02718,158.54495,1.0],[0.14511162,-0.09673837,-0.98467475,0.0,0.006879542,0.9952833,-0.09676676,0.0,0.9893914,0.0072678775,0.14509273,0.0,125.97002,89.2189,164.11937,1.0],[-0.07530916,-0.09379217,-0.9927395,0.0,0.089027315,0.9909584,-0.1003775,0.0,0.9931782,-0.09594026,-0.06627822,0.0,148.36514,91.57299,166.2036,1.0],[-0.20288396,-0.13745283,-0.9695075,0.0,0.18505348,0.9668753,-0.17580485,0.0,0.9615578,-0.21507871,-0.17072725,0.0,174.84135,95.20196,166.31566,1.0],[-0.31557035,-0.21005833,-0.92535996,0.0,-0.01594074,0.97622585,-0.21616882,0.0,0.9487684,-0.053465515,-0.3114164,0.0,198.6998,86.10114,164.2817,1.0],[-0.58858705,-0.08209539,-0.80425483,0.0,0.07492202,0.98500997,-0.15537725,0.0,0.8049547,-0.15170942,-0.5736134,0.0,223.72801,94.63636,150.11269,1.0],[-0.719661,-0.124110855,-0.6831433,0.0,-0.08420307,0.99223304,-0.09156093,0.0,0.68920106,-0.008370057,-0.7245219,0.0,247.25067,87.441055,132.28676,1.0],[-0.87457156,-0.09115511,-0.47625136,0.0,-0.03167888,0.990814,-0.13146906,0.0,0.4838606,-0.09989199,-0.8694254,0.0,264.72363,89.58085,117.19749,1.0],[-0.937592,-0.15680048,-0.3103788,0.0,-0.07080754,0.95995337,-0.2710642,0.0,0.34045213,-0.23217043,-0.91114724,0.0,282.57404,93.317795,95.61634,1.0],[-0.9551835,-0.24947542,-0.15933177,0.0,-0.23935062,0.967618,-0.08016694,0.0,0.17417195,-0.038437985,-0.9839649,0.0,296.4627,85.46057,74.94592,1.0],[-0.990283,-0.0871987,0.10833289,0.0,-0.09910812,0.98898834,-0.10990739,0.0,-0.09755619,-0.11957608,-0.9880204,0.0,299.37442,94.28652,49.914143,1.0],[-0.9477886,-0.14227925,0.28540048,0.0,-0.14253955,0.98958755,0.019973395,0.0,-0.28527054,-0.0217503,-0.9582002,0.0,298.14645,87.14942,21.746128,1.0],[-0.8741553,-0.10630135,0.47387046,0.0,-0.1438676,0.98863524,-0.04361806,0.0,-0.46384835,-0.106303535,-0.8795141,0.0,293.80426,88.24607,0.113481924,1.0],[-0.7731359,-0.16829365,0.6115051,0.0,-0.28931624,0.95157796,-0.10390131,0.0,-0.56440884,-0.25724816,-0.78438914,0.0,285.6838,94.954185,-24.95101,1.0],[-0.6940737,-0.27876967,0.6637391,0.0,-0.2538612,0.95753217,0.1366992,0.0,-0.6736591,-0.073618285,-0.7353666,0.0,277.17896,85.89439,-48.014393,1.0],[-0.5496259,-0.12504402,0.82599974,0.0,-0.15833026,0.98640656,0.0439732,0.0,-0.8202702,-0.106611945,-0.5619528,0.0,260.05133,95.243004,-64.39178,1.0],[-0.42819107,-0.14676036,0.8916915,0.0,-0.13207082,0.98629314,0.09890997,0.0,-0.8939852,-0.075414054,-0.44170463,0.0,236.89827,91.35804,-79.93985,1.0],[-0.2974689,-0.09645709,0.94984645,0.0,-0.13059533,0.98964274,0.05959912,0.0,-0.94575745,-0.106316626,-0.30698478,0.0,216.74907,88.208786,-90.040375,1.0],[-0.1052413,-0.15520382,0.9822607,0.0,-0.26958865,0.9552104,0.122045435,0.0,-0.95720756,-0.25196213,-0.1423688,0.0,192.21567,97.28742,-99.11096,1.0],[-0.08480573,-0.2276924,0.9700333,0.0,-0.092461966,0.9711379,0.21986818,0.0,-0.99209833,-0.07104512,-0.10341084,0.0,166.79736,88.49992,-106.93706,1.0],[0.14245403,-0.11383908,0.9832333,0.0,-0.09804707,0.9868555,0.12846386,0.0,-0.98493344,-0.114703335,0.12941992,0.0,142.0876,96.85189,-106.80965,1.0],[0.35254967,-0.11108364,0.9291767,0.0,-0.059635613,0.9882443,0.14077227,0.0,-0.93389106,-0.105041236,0.34178066,0.0,113.50176,95.336655,-101.5318,1.0],[0.49089992,-0.029780872,0.87070686,0.0,-0.013282944,0.9990436,0.041659243,0.0,-0.8711148,-0.03201607,0.49003482,0.0,90.0603,88.73948,-94.62308,1.0],[0.66151595,-0.13833457,0.7370619,0.0,-0.06977128,0.9672237,0.24415223,0.0,-0.7466784,-0.21293636,0.63018215,0.0,66.75193,98.56763,-84.52933,1.0],[0.73422927,-0.22234733,0.6414585,0.0,0.1215518,0.972634,0.19801077,0.0,-0.66793156,-0.06741486,0.7411631,0.0,42.831116,90.545425,-72.16731,1.0],[0.85719824,-0.15533963,0.49099973,0.0,0.0866604,0.98333675,0.15980871,0.0,-0.5076427,-0.094437525,0.85637635,0.0,26.401678,95.290245,-55.869,1.0],[0.9593216,-0.10637767,0.26150694,0.0,0.064699076,0.9844809,0.16312979,0.0,-0.27480194,-0.13957469,0.95131636,0.0,13.21225,97.792496,-31.76696,1.0]],"offsets":[0,35],"interval":0.1667},"poses":{"poses":[[0.701142,93.905014,2.680985,7.468126,-1.565565,-2.457001,1.887908,1.003971,-0.438993,3.762581,1.875194,-0.245927,3.762583,1.875192,-0.245926,3.635997,0.534801,-2.084378,3.635994,0.534802,-2.084372,0.000001,0.0,0.0,-1.417183,-3.693825,-16.071547,8.178314,-23.645601,-52.33619,91.24176,-43.663376,102.87582,-0.0,-0.000001,-0.000001,-2.925384,6.787126,9.283293,21.833681,13.016724,62.17627,82.09145,68.28605,-94.99909,-0.000005,-0.000001,0.0,-4.171629,1.339673,-11.791474,31.655542,5.756572,8.31001,-17.337963,-0.805083,5.379327,-25.63064,6.651843,-1.299512,-0.000001,-0.0,-0.0,-22.44939,-3.861847,-9.022298,77.90009,8.406229,-1.788352,-7.170865,-1.125112,11.220628,2.993812,-15.752313,16.66508,-0.000003,0.0,-0.000001],[0.515079,95.327965,5.060261,8.093771,-1.220744,-3.135969,1.778558,0.594814,-0.388077,3.548409,1.098167,-0.205818,3.548403,1.098166,-0.205816,3.732581,0.652501,-2.131171,3.73258,0.652502,-2.131169,-0.000001,0.0,0.0,-1.493408,-4.652704,-16.18631,7.072406,-26.097185,-52.411575,92.02407,-43.553898,104.34423,0.000004,0.000001,0.000001,-2.779083,6.746659,8.35061,24.254147,13.602522,61.036354,85.52616,67.86358,-99.59979,0.000005,0.000001,-0.0,-1.442702,2.557082,-9.313882,26.545067,2.658572,6.738705,-11.919151,-0.594234,5.847184,-22.379711,5.106595,-0.850476,-0.0,-0.0,-0.0,-23.61222,-3.959083,-7.601091,72.06583,7.438254,-1.428566,-9.134629,-1.180007,9.804276,3.963148,-14.266909,15.70712,0.000002,0.0,0.000001],[0.295026,96.7158,7.436621,8.694759,-0.974498,-3.84775,1.701092,0.281723,-0.334583,3.397113,0.509816,-0.195304,3.397118,0.509816,-0.195307,3.646793,0.75785,-2.145159,3.646793,0.75785,-2.145156,0.0,0.0,-0.0,-1.580342,-5.598849,-16.423662,6.224362,-28.45655,-52.086918,92.39622,-42.872055,105.36534,-0.000005,-0.000002,-0.000001,-2.675186,6.718522,7.683952,26.231401,13.960908,59.959232,88.723625,67.80125,-103.7428,0.000003,0.0,0.000001,1.115725,4.127661,-7.397495,21.292385,-0.448064,5.989132,-5.584306,-0.311022,6.362626,-25.475819,3.266959,0.027303,0.0,0.0,-0.0,-24.217932,-3.986656,-6.0133,64.97131,6.870936,-1.166383,-10.466018,-1.235704,8.957584,4.482928,-13.400749,15.2201,-0.000005,0.000003,-0.000001],[0.045075,97.861275,9.730547,9.392358,-0.857443,-4.561788,1.647925,0.02021,-0.275985,3.293361,0.018234,-0.200005,3.293368,0.018234,-0.200007,3.200731,0.886355,-2.098197,3.200706,0.886356,-2.098189,-0.0,-0.0,0.0,-1.650374,-6.429085,-16.522568,5.701796,-30.610695,-51.605618,92.78162,-42.354794,106.54193,0.000002,-0.0,-0.000001,-2.611302,6.697657,7.274867,27.702555,14.139874,58.958084,92.03913,68.036354,-107.82935,-0.000003,-0.0,-0.000001,3.310135,5.556338,-5.748541,16.314093,-3.222699,5.339155,0.76571,0.027187,6.480584,-29.35103,1.3666,0.23942,-0.0,0.0,-0.0,-24.662497,-3.909776,-4.336778,57.04606,6.208805,-1.043122,-10.632035,-1.297691,8.708512,3.929112,-12.77041,14.550617,0.000001,-0.000002,-0.0],[-0.19873,98.725296,11.985423,10.270945,-0.859327,-5.204274,1.580657,-0.242013,-0.218481,3.160313,-0.485913,-0.201685,3.160316,-0.485914,-0.201689,2.445187,1.056113,-2.035692,2.445218,1.056111,-2.035701,0.000001,0.0,-0.0,-1.681937,-7.040758,-16.35909,5.457151,-32.423912,-51.171795,93.582954,-42.604607,108.28649,0.000001,0.000001,-0.000001,-2.581425,6.69782,7.081671,28.65599,14.206593,58.00567,95.3509,68.30347,-111.77156,-0.000001,-0.000001,0.0,5.522202,6.435796,-4.608243,10.923901,-4.946506,5.135501,7.267206,0.358774,5.686039,-33.1787,-0.355536,0.629129,-0.0,0.0,-0.0,-25.090067,-3.790311,-2.769242,48.41758,5.469605,-0.999189,-9.278592,-1.276691,8.697579,1.583872,-12.315498,12.563351,0.000004,0.0,-0.000001],[-0.396167,99.385925,14.27366,11.281284,-0.891795,-5.731904,1.485283,-0.535292,-0.155947,2.970152,-1.063937,-0.179173,2.970151,-1.063937,-0.179172,1.825367,1.267068,-2.034276,1.825361,1.267068,-2.034275,0.000001,-0.0,0.0,-1.679009,-7.426108,-16.022484,5.324083,-33.779137,-50.882458,94.97931,-43.68083,110.5963,0.000002,-0.000001,-0.000001,-2.573181,6.729049,7.027171,29.172873,14.183247,57.078888,98.31266,68.302956,-115.261314,0.000004,0.000001,-0.000001,5.465408,6.674895,-3.496938,9.866324,-4.203873,5.558894,12.261668,0.322424,2.326662,-36.81793,-2.218841,2.167505,-0.0,0.0,-0.0,-25.267273,-3.771842,-1.52049,38.928562,5.082169,-0.860019,-6.582866,-1.100116,8.601955,-1.467821,-11.906344,10.187933,0.000001,-0.000001,0.000001],[-0.539235,99.829575,16.632402,12.232028,-0.844701,-6.158248,1.380084,-0.848919,-0.081859,2.759855,-1.692406,-0.114249,2.759849,-1.692404,-0.114246,1.220733,1.482948,-2.150467,1.220722,1.482948,-2.150467,-0.000001,0.0,0.0,-1.670615,-7.67654,-15.745475,5.129977,-34.633087,-50.720196,96.77663,-45.074287,113.07034,-0.000001,0.0,-0.000002,-2.570093,6.798517,7.001357,29.415579,14.070819,56.182186,100.65886,67.88121,-118.08874,0.000005,0.000001,0.000002,4.830866,6.320691,-2.430616,9.999872,-1.240431,6.472601,17.740728,-0.244419,-2.521817,-41.86928,-3.877433,3.62573,0.0,0.0,-0.0,-24.88936,-3.978198,-0.688836,28.716845,5.415866,-0.443097,-3.231513,-0.800776,8.444894,-2.471528,-11.299259,10.271414,0.000001,-0.000001,0.000001],[-0.641111,100.00565,19.06869,12.898157,-0.690487,-6.536028,1.29659,-1.130235,0.012379,2.592845,-2.261973,-0.008589,2.592848,-2.261972,-0.00859,0.738073,1.671818,-2.395282,0.738068,1.671818,-2.395276,-0.000001,-0.0,0.0,-1.690261,-7.916276,-15.780416,4.814166,-35.04545,-50.591087,98.47777,-46.12888,115.14662,-0.0,0.000001,-0.0,-2.553068,6.917478,6.884987,29.55833,13.887631,55.33111,102.40422,67.12966,-120.31635,0.000005,0.000001,-0.000002,3.56899,5.673293,-1.925212,13.731236,2.294784,7.629176,18.760136,-0.283121,-3.242959,-40.092186,-1.699912,1.600333,-0.000001,-0.0,-0.0,-23.711706,-4.429508,-0.156512,18.084558,6.419297,0.245235,0.279138,-0.426608,8.546904,-2.090538,-10.539592,11.320735,-0.0,0.0,0.000001],[-0.719715,99.9056,21.578796,13.140471,-0.514614,-6.872582,1.256908,-1.310392,0.097598,2.513756,-2.637253,0.104193,2.513756,-2.637253,0.104194,0.461343,1.810555,-2.715976,0.461341,1.810554,-2.715963,-0.0,0.0,-0.0,-1.759364,-8.221379,-16.260166,4.436913,-35.14749,-50.42019,99.665764,-46.514805,116.484436,0.000001,-0.000002,-0.000002,-2.514855,7.099965,6.619042,29.676462,13.681868,54.52921,103.7646,66.344666,-122.14329,0.000003,0.000001,-0.000001,1.922574,4.874866,-1.593065,19.740335,6.093948,8.90033,17.95558,-0.183577,-3.266509,-34.1212,1.5359,-2.264495,0.000001,-0.000001,-0.0,-22.030766,-4.994626,0.207438,8.241141,7.739552,1.105414,3.60697,0.009544,9.021711,-1.921169,-9.717899,11.025651,0.0,0.0,0.000003],[-0.784876,99.57162,24.15057,12.931118,-0.417448,-7.13496,1.267825,-1.361335,0.140601,2.53605,-2.74537,0.17204,2.536044,-2.745369,0.172041,0.352458,1.888355,-3.016321,0.35244,1.888354,-3.016312,-0.000001,0.0,0.0,-1.874849,-8.577445,-17.128094,4.100031,-35.058422,-50.22777,100.33832,-46.39094,117.18528,-0.000001,0.000001,0.000001,-2.456425,7.358649,6.250942,29.66386,13.52419,53.777874,104.86136,65.86953,-123.58178,0.000002,-0.0,-0.000001,1.075564,4.090315,-1.650598,25.389044,9.248449,10.444006,16.856182,-0.083156,-3.102711,-23.695568,3.319539,-7.112657,0.000001,-0.0,-0.0,-23.058296,-5.54507,0.233116,6.407344,9.538033,1.912149,3.631455,0.069252,9.117501,-1.26017,-8.533261,10.551537,0.0,0.0,-0.000002],[-0.834008,99.061005,26.75275,12.302924,-0.432947,-7.342002,1.335807,-1.29964,0.159631,2.671304,-2.620432,0.16765,2.671308,-2.620432,0.16765,0.476093,1.921792,-3.209838,0.476107,1.921794,-3.209846,0.000001,0.0,-0.0,-2.012586,-8.889312,-18.190758,3.878122,-34.817745,-50.112274,100.794815,-46.2128,117.58828,0.0,0.0,-0.0,-2.401826,7.700164,5.904274,29.269678,13.500853,53.10219,105.50137,65.94906,-124.28398,0.000002,-0.000001,0.000002,0.788775,3.295246,-1.732935,30.990286,11.382567,11.500422,15.665228,0.021253,-2.577602,-10.807032,1.935827,-8.069504,0.0,-0.000001,0.0,-23.315523,-5.940491,0.330693,5.525551,10.985459,2.470195,4.409708,0.248859,8.800411,-0.539258,-7.058621,9.774866,-0.0,-0.0,0.000002],[-0.865562,98.419754,29.339111,11.294886,-0.505486,-7.579606,1.476261,-1.178368,0.172905,2.951067,-2.366398,0.128662,2.951068,-2.366397,0.128666,0.698182,1.931297,-3.281255,0.698174,1.9313,-3.281263,-0.000003,-0.0,0.0,-2.139183,-9.036595,-19.246002,3.799814,-34.379456,-50.17553,101.349625,-46.486496,117.94096,0.000002,0.000002,0.000002,-2.372086,8.124124,5.717829,28.258978,13.708932,52.544895,105.20311,66.6697,-123.65783,0.000001,0.0,0.0,0.786272,2.507208,-1.669367,36.807243,12.505836,11.943084,14.71371,0.11345,-1.727241,-3.145555,0.876678,-1.116122,0.0,0.0,0.0,-22.849192,-6.084344,0.608426,6.009163,11.891759,2.68968,5.187371,0.397929,7.675814,0.133152,-5.469302,8.795668,0.0,-0.0,-0.0],[-0.900772,97.61772,31.883556,9.946355,-0.487848,-7.903297,1.6913,-1.058586,0.196798,3.380169,-2.101804,0.092293,3.380166,-2.101807,0.092291,0.964735,1.936402,-3.281581,0.964713,1.936402,-3.281577,-0.0,0.0,-0.000001,-2.229241,-8.942048,-20.177711,3.844862,-33.66875,-50.46828,101.978836,-47.370033,118.11595,-0.000004,0.000004,0.000001,-2.391732,8.616038,5.827137,26.578993,14.230412,52.12698,103.45177,67.95314,-121.17383,-0.000001,-0.000001,-0.000002,0.830607,1.839657,-1.387066,42.994255,12.951009,11.995113,14.177859,0.187223,-0.692747,-2.469155,0.959187,-0.289468,0.0,-0.0,-0.0,-21.67725,-5.923976,1.102924,7.910175,12.151263,2.564171,4.906006,0.372076,5.717577,0.764968,-4.011671,7.831729,0.0,-0.0,-0.0],[-0.960501,96.635155,34.378136,8.330119,-0.244419,-8.388789,1.967859,-0.962489,0.258146,3.932799,-1.86729,0.107971,3.932795,-1.867287,0.10797,1.228997,1.9343,-3.288608,1.229002,1.934301,-3.288613,0.0,0.0,-0.0,-2.276571,-8.618228,-20.967955,3.942678,-32.66298,-50.96932,102.22694,-48.579506,117.59045,0.0,-0.000001,0.000002,-2.490506,9.157596,6.379343,24.382744,15.077255,51.829655,100.068344,69.618164,-116.70975,-0.000002,-0.0,0.000001,0.769185,1.356972,-0.698779,49.490013,13.263715,11.784489,14.018869,0.254717,0.384338,-2.566329,0.858914,-0.163002,-0.000001,-0.000002,-0.000001,-19.436508,-5.40997,1.936427,9.941414,11.669097,2.17312,3.495903,0.219643,3.360945,-1.130169,-3.187601,4.465366,0.0,0.0,-0.0],[-1.042348,95.52049,36.793045,6.594705,0.295494,-9.084029,2.287246,-0.856737,0.369911,4.57224,-1.594738,0.222863,4.572238,-1.594739,0.222863,1.447092,1.900641,-3.335182,1.447092,1.900641,-3.335181,0.000001,-0.0,-0.0,-2.290943,-8.166068,-21.633287,3.99129,-31.454033,-51.591385,101.54936,-49.755207,115.780464,-0.000003,0.000003,0.000001,-2.704154,9.754339,7.535028,21.891329,16.140947,51.623558,95.32786,71.475006,-110.61775,-0.0,-0.0,-0.0,0.456441,1.002171,0.490312,56.025444,13.983562,11.485067,14.061377,0.317309,1.248252,-2.553073,0.589062,0.101547,-0.0,-0.0,-0.0,-18.58217,-4.692831,2.990936,16.709518,10.751878,1.511837,-3.009096,-0.172168,0.645087,-2.1398,-2.232839,0.874858,0.0,-0.000001,0.0],[-1.131855,94.20394,39.060593,4.951541,1.134233,-9.903936,2.620517,-0.679176,0.521011,5.240879,-1.160694,0.448156,5.240875,-1.160694,0.44815,1.543474,1.815434,-3.342413,1.543475,1.815434,-3.342414,0.0,-0.0,-0.000001,-2.288674,-7.720258,-22.169764,3.921231,-30.238634,-52.21311,99.76195,-50.771263,112.50124,-0.000001,0.000002,0.000001,-3.064322,10.458569,9.392177,19.199364,17.186802,51.532623,89.54064,73.27271,-103.25564,-0.000003,0.0,0.000002,-0.411525,0.613018,2.010659,62.694683,15.438041,11.266909,13.782762,0.355149,1.641803,-2.600522,0.232295,0.470086,-0.000001,0.000001,0.000001,-18.86508,-3.95275,4.211032,26.187866,9.458688,1.212168,-12.420663,-0.403303,-3.05355,-1.487078,-2.606339,1.23949,-0.0,0.0,-0.0],[-1.142649,93.05519,41.2445,3.620294,2.218716,-10.696781,2.910596,-0.376194,0.696106,5.823568,-0.495877,0.716062,5.823566,-0.495877,0.716064,1.614467,1.650605,-3.29944,1.614463,1.650605,-3.299428,0.000002,0.0,0.000001,-2.280903,-7.357867,-22.579475,3.815669,-29.212551,-52.701393,97.28395,-51.92397,108.27392,-0.000003,0.0,0.000001,-3.575283,11.354002,11.857601,16.170824,17.92133,51.676006,82.664955,74.58336,-94.57259,-0.000002,0.000002,0.000001,-1.740376,-0.015048,3.602374,68.551956,17.361343,11.046643,13.396834,0.389063,1.844402,-2.767465,-0.163321,0.909133,-0.000001,-0.0,-0.0,-18.387526,-3.332043,5.264902,32.4275,8.394221,0.883606,-17.75578,-0.746097,-3.188281,-2.086828,-3.276326,3.535724,0.0,0.0,0.0],[-1.03742,92.20913,43.37204,2.756932,3.510902,-11.284448,3.11915,0.005588,0.863607,6.243073,0.31622,0.954448,6.243079,0.316222,0.954446,1.718014,1.427869,-3.180048,1.718022,1.427867,-3.18004,0.000001,-0.0,-0.000001,-2.269874,-7.023003,-22.940298,3.984145,-28.443758,-52.9223,94.82627,-53.740185,104.089455,-0.000002,0.000002,-0.0,-4.19854,12.500722,14.585019,12.599489,18.141342,52.20916,74.825645,75.01966,-84.74334,-0.000002,-0.000001,0.000001,-3.635277,-1.009944,4.926447,73.437164,19.19397,10.733463,12.77796,0.425248,2.186653,-2.971176,-0.572815,1.369723,0.0,-0.000001,0.0,-17.225311,-3.190749,6.145805,36.090385,7.285231,0.486777,-21.616564,-0.988351,-3.17489,-2.329697,-3.751063,3.945846,0.0,0.0,0.0],[-0.793995,91.67284,45.46609,2.392046,4.978588,-11.58729,3.231908,0.374772,0.994183,6.470981,1.086654,1.117128,6.470987,1.086656,1.117129,1.885362,1.198226,-2.987246,1.885364,1.198229,-2.987243,-0.000001,-0.0,-0.000001,-2.243627,-6.555225,-23.36155,4.851065,-27.886406,-52.784042,92.93096,-56.349346,100.86517,0.000002,0.000001,0.000001,-4.854134,13.861915,17.104605,8.591348,17.889025,53.178787,67.13648,74.578285,-75.15107,-0.000002,-0.000002,0.000002,-6.133062,-2.351741,5.772977,77.437775,20.31373,10.22186,11.756274,0.449474,2.845975,-3.109997,-0.95156,1.780929,0.0,0.000001,0.000001,-15.75866,-3.621842,6.468758,38.021103,6.503438,0.310085,-24.480555,-1.063261,-3.497677,-2.859298,-3.984997,4.338877,0.0,0.0,0.0],[-0.418989,91.4291,47.54946,2.433771,6.588342,-11.655023,3.267131,0.680738,1.074791,6.544268,1.709955,1.187845,6.544273,1.709954,1.187847,2.087385,0.999885,-2.706074,2.087408,0.999887,-2.706086,0.000001,-0.0,-0.000003,-2.17835,-5.823926,-23.80156,6.692226,-27.555607,-52.31274,91.86016,-59.00279,99.10103,-0.000001,-0.000001,-0.000002,-5.449343,15.275496,19.068502,4.698076,17.44178,54.45011,61.492226,73.65062,-68.05587,-0.0,-0.000002,0.000001,-9.132841,-3.866315,6.128269,80.5544,20.34399,9.520538,10.293352,0.433819,3.664402,-3.141676,-1.238352,2.072636,0.000001,-0.0,0.0,-13.981365,-4.454614,6.228836,38.46562,6.00107,0.480625,-26.530252,-0.973959,-4.133711,-3.216914,-3.916661,4.036247,0.000001,-0.0,0.0],[0.06423,91.48502,49.653152,2.721023,8.286842,-11.578619,3.261451,0.962063,1.097959,6.536881,2.262119,1.157222,6.536882,2.262114,1.157226,2.234457,0.835882,-2.270834,2.234458,0.83588,-2.270833,0.000002,0.000002,-0.000001,-2.054214,-4.842708,-23.998285,9.477894,-27.600859,-51.65753,91.610985,-60.433826,98.82241,0.000001,-0.0,-0.0,-5.916304,16.539268,20.38038,1.551897,17.12741,55.784496,59.22732,72.90669,-64.98807,-0.000001,0.000001,-0.000004,-12.402132,-5.2682,6.065016,82.55397,19.37317,8.804839,8.549929,0.368422,4.256794,-3.109969,-1.34722,2.171056,0.000001,0.0,-0.0,-11.745256,-5.389116,5.735179,37.458908,5.416049,0.941156,-27.819202,-0.703498,-5.104777,-3.789388,-3.644905,3.507291,0.000001,0.0,0.0],[0.642391,91.87571,51.80784,3.087562,10.008019,-11.400602,3.254589,1.29347,1.054652,6.529345,2.89344,1.01303,6.529342,2.893441,1.013038,2.133264,0.682101,-1.631727,2.133238,0.682092,-1.63173,-0.000001,0.000001,0.000001,-1.878651,-3.756783,-23.658327,12.930462,-28.131308,-50.981796,91.815735,-59.836746,99.61971,-0.000001,-0.0,-0.0,-6.238559,17.539083,21.147064,-0.558969,17.120235,56.94485,60.56959,72.919624,-66.17698,-0.000003,0.000002,0.000001,-15.621136,-6.25999,5.64165,83.048744,17.907192,8.292125,6.832356,0.28052,4.380104,-3.213567,-1.163812,2.010659,-0.0,-0.000001,-0.0,-8.831733,-6.170311,5.400943,34.893692,4.305441,1.430227,-28.301805,-0.237758,-6.575592,-5.39569,-3.334488,3.506037,0.0,-0.0,-0.0],[1.317562,92.61802,54.03589,3.405988,11.699989,-11.105833,3.275499,1.712896,0.943447,6.580782,3.684539,0.756326,6.580785,3.684534,0.756325,1.86894,0.514168,-0.837997,1.86893,0.514156,-0.837992,-0.000001,-0.000001,0.0,-1.687698,-2.73343,-22.722733,16.660252,-29.02368,-50.34815,91.968445,-57.594326,100.921394,0.000002,-0.0,-0.0,-6.447074,18.278702,21.562813,-1.770217,17.343487,57.771114,65.71484,73.70086,-71.71674,0.000001,0.000001,-0.000001,-18.436022,-6.660755,4.910031,81.720505,16.550142,8.065319,5.381852,0.202192,4.216817,-3.773888,-0.623091,1.612335,-0.000002,0.000002,0.0,-5.479778,-6.676042,5.237934,31.199724,2.878866,1.681463,-27.184088,0.108393,-7.514984,-8.142815,-3.07902,3.483578,0.0,0.0,0.0],[2.111,93.67516,56.33836,3.611407,13.340255,-10.666498,3.33148,2.204927,0.779129,6.70631,4.611342,0.416917,6.70631,4.611338,0.416925,1.410486,0.307313,-0.050154,1.41045,0.307306,-0.050144,0.0,-0.000002,-0.0,-1.516883,-1.862297,-21.433323,20.296295,-29.948187,-49.710358,92.017204,-55.21566,102.46995,0.000001,0.000001,-0.000001,-6.580295,18.814198,21.78299,-2.436452,17.556828,58.243237,75.07765,74.73417,-81.873924,-0.000003,0.0,-0.0,-20.55672,-6.474962,3.937547,78.48213,15.634923,8.028889,4.206729,0.13386,4.236773,-4.91362,0.178503,1.122902,0.000001,-0.000002,-0.0,-2.992851,-6.950583,4.321705,28.162256,2.48193,1.588362,-22.114197,-0.837614,-3.006485,-10.70177,-2.477183,0.228959,0.0,0.000001,0.0],[3.032819,94.9503,58.707333,3.718613,14.927245,-10.08812,3.405875,2.723306,0.588701,6.871371,5.589306,0.049995,6.871373,5.589309,0.049999,0.904906,0.063945,0.542448,0.904932,0.063946,0.542453,-0.000001,0.000002,-0.000001,-1.382229,-1.138192,-20.151031,23.584776,-30.5676,-48.998676,92.32976,-54.135216,104.27801,0.000002,-0.000001,-0.0,-6.650782,19.190418,21.845406,-2.86114,17.594776,58.466763,87.985054,75.37874,-95.843704,-0.000001,0.000001,0.000001,-21.855232,-5.856757,2.812294,73.48752,15.049275,8.011594,3.157087,0.053617,4.747905,-10.509407,1.169933,-2.640443,-0.000001,0.0,-0.000001,-0.303879,-7.230949,3.231451,24.111055,2.054707,1.024677,-14.212383,-1.413689,4.061125,-16.284073,-1.605418,-0.389863,-0.0,0.0,0.0],[4.045884,96.16456,61.102043,3.819654,16.464859,-9.405787,3.461754,3.21571,0.384015,6.996988,6.518408,-0.285387,6.996991,6.518398,-0.285388,0.448987,-0.188515,0.812211,0.448973,-0.188505,0.812194,0.000001,0.0,-0.0,-1.280995,-0.504879,-19.127989,26.409138,-30.709562,-48.214516,93.15312,-54.609776,106.29861,-0.000003,0.0,0.000001,-6.645972,19.433348,21.697191,-3.120739,17.549135,58.548626,101.62807,75.22062,-110.68992,0.0,-0.0,0.000001,-22.588228,-4.98482,1.559918,67.409004,14.433759,7.915356,2.016718,-0.056125,5.586701,-18.322123,3.089063,-8.289114,-0.000003,0.000002,-0.000001,2.348486,-7.830998,2.5262,20.572042,1.536521,0.855351,-8.208026,-0.900426,5.634688,-16.427568,-2.070453,0.00639,0.0,0.0,0.0],[5.153615,97.29891,63.511196,4.04267,17.964935,-8.714787,3.465546,3.639583,0.181198,7.013563,7.316772,-0.570657,7.013569,7.316774,-0.570661,0.13325,-0.418909,0.77221,0.133249,-0.418919,0.772212,-0.0,-0.000001,0.0,-1.2027,0.092993,-18.418962,28.738468,-30.38385,-47.452873,94.348404,-55.87217,108.31342,0.000003,-0.0,0.0,-6.557739,19.566965,21.298666,-3.072642,17.709888,58.48445,112.3531,74.2393,-122.59818,0.000001,0.0,0.0,-22.920488,-3.943946,0.22709,60.372883,13.358355,7.705657,1.173608,-0.161893,6.427784,-21.576824,4.18694,-10.879644,-0.0,0.000002,-0.000001,4.026448,-8.711199,1.635552,18.485168,1.956149,0.830955,-2.233691,-0.291115,6.112456,-21.878733,-2.297032,-0.123372,0.0,-0.0,0.0],[6.337794,98.29766,65.95071,4.48649,19.437922,-8.123033,3.392374,3.972109,-0.007749,6.871955,7.944315,-0.81284,6.871949,7.944288,-0.812827,-0.064501,-0.609785,0.524925,-0.064477,-0.609792,0.524933,0.000003,0.0,0.0,-1.137468,0.681923,-17.93683,30.575031,-29.695665,-46.846397,95.49719,-56.910805,110.006134,-0.000003,0.000001,-0.0,-6.407634,19.61772,20.715256,-2.504935,18.328686,58.165405,118.58595,72.69942,-129.90628,-0.0,0.0,-0.0,-23.006544,-2.765821,-1.106913,52.599617,11.564605,7.35185,0.922556,-0.211673,6.832256,-21.824848,4.028388,-11.489513,0.000001,0.000002,-0.0,5.588241,-9.691019,0.63568,16.049782,2.833126,0.941142,4.239893,0.444194,6.622082,-27.485998,-2.016345,-0.452992,0.000001,-0.000001,0.0],[7.572937,99.09374,68.440056,5.170858,20.8773,-7.703414,3.238351,4.217433,-0.186337,6.565637,8.411388,-1.03069,6.565645,8.411404,-1.030692,-0.217237,-0.758967,0.188815,-0.217211,-0.75894,0.188817,0.000001,0.000003,-0.000002,-1.07946,1.258427,-17.53292,31.956743,-28.766462,-46.495834,96.26549,-57.14931,111.21724,-0.000001,-0.000001,0.000001,-6.244072,19.608381,20.111687,-1.309279,19.418272,57.48716,121.24584,70.8684,-133.56856,-0.000001,-0.000001,0.000001,-22.990297,-1.467306,-2.346744,44.567646,9.118332,6.767776,0.935771,-0.196733,6.377355,-20.37576,2.499591,-8.342048,0.0,0.0,-0.0,6.962814,-10.564065,-0.476529,13.524332,3.444101,1.057111,11.065067,1.36707,8.1858,-32.828907,-2.00858,-1.388126,-0.0,-0.000001,0.0],[8.837535,99.59135,70.99676,6.023254,22.255354,-7.512155,3.011817,4.3965,-0.347674,6.113106,8.760736,-1.226753,6.113106,8.760736,-1.226751,-0.376712,-0.868007,-0.135806,-0.376714,-0.867988,-0.1358,-0.000001,0.000001,0.000001,-1.027342,1.802929,-17.05823,32.9833,-27.703684,-46.441193,96.580734,-56.51672,112.03461,-0.000002,0.0,-0.0,-6.110584,19.552193,19.640156,0.406945,20.735855,56.476227,122.02043,69.03646,-135.29202,0.000003,-0.0,-0.000002,-22.820648,-0.116762,-3.33498,36.32689,6.136438,5.790521,1.650898,-0.117257,5.034766,-16.365572,0.740382,-3.866542,0.000001,-0.000002,-0.0,8.067116,-11.134169,-1.882841,11.385268,2.536532,1.035706,18.14373,2.90815,12.510763,-37.51533,-2.695337,-3.402098,-0.0,0.000001,0.0],[10.137962,99.908134,73.614815,6.896368,23.536432,-7.579311,2.75673,4.527178,-0.470799,5.603138,9.026568,-1.375523,5.603146,9.026574,-1.375527,-0.519035,-0.931832,-0.408465,-0.51903,-0.931815,-0.408471,-0.0,0.000001,-0.000001,-0.982331,2.299075,-16.427235,33.796898,-26.589666,-46.67774,96.47043,-55.16015,112.5755,0.0,0.0,-0.000001,-6.013807,19.447914,19.325382,2.312206,21.933372,55.340397,122.25359,67.58757,-136.35948,0.000003,0.0,-0.0,-22.396376,1.122135,-3.82697,28.177967,3.341072,4.066418,2.351092,-0.025203,2.857185,-7.168574,-0.264692,1.380675,-0.000001,-0.000001,-0.0,10.424417,-11.451962,-2.55253,7.778164,0.837534,0.840643,24.483486,4.3372,14.630579,-38.863377,-7.017033,-2.520613,0.000001,0.0,0.0],[11.473644,100.01404,76.250046,7.61194,24.7045,-7.884377,2.508889,4.60857,-0.531029,5.105023,9.204939,-1.424673,5.105017,9.204933,-1.424671,-0.60738,-0.944318,-0.631135,-0.607376,-0.944343,-0.631127,0.000002,0.000002,-0.0,-0.945511,2.750782,-15.66006,34.52043,-25.465542,-47.181816,95.91214,-53.22342,112.81332,-0.000003,-0.000002,0.000002,-5.925107,19.280893,19.06654,3.979264,22.73716,54.391518,122.685196,66.8512,-137.42508,-0.000001,-0.000001,-0.0,-21.635595,2.163906,-4.114496,20.212355,1.558804,2.303047,3.424264,0.056819,0.013537,-3.229511,-0.308871,1.132236,0.0,0.000001,0.000001,11.391887,-11.456261,-2.874099,8.987632,-0.202443,0.507496,25.75793,4.471841,14.110963,-33.30488,-15.441224,3.417076,0.000001,0.0,0.0],[12.854069,99.88525,78.85556,8.006205,25.787077,-8.385718,2.299947,4.620644,-0.500171,4.679255,9.252837,-1.316542,4.679251,9.252822,-1.316536,-0.61174,-0.902348,-0.824872,-0.611773,-0.902341,-0.82487,0.0,0.0,-0.000001,-0.915698,3.187687,-14.875071,35.201736,-24.320562,-47.915894,94.913666,-50.829662,112.67218,0.000004,0.000002,0.000002,-5.80751,19.03364,18.73074,5.11329,23.060307,53.881657,123.61269,66.990944,-138.70589,0.000002,0.000001,-0.0,-20.781542,2.881615,-4.49232,13.40127,1.359821,1.226103,4.760006,0.092656,-2.828117,-1.826079,-0.470733,0.921605,0.000001,-0.0,0.0,12.90373,-11.268568,-2.807425,10.278305,-1.118277,0.120957,26.585491,4.502357,13.520202,-23.323156,-23.090584,13.95077,-0.000001,-0.0,0.0],[14.287774,99.50674,81.40293,7.958599,26.836517,-8.989557,2.156413,4.545441,-0.370571,4.377302,9.12208,-1.028919,4.377298,9.122086,-1.028919,-0.525932,-0.80869,-1.01458,-0.525942,-0.808678,-1.014596,0.0,-0.000001,0.000001,-0.889778,3.650386,-14.232116,35.800465,-23.11454,-48.80742,93.62468,-48.141205,112.17669,0.000004,0.0,-0.000001,-5.640472,18.69474,18.239021,5.714082,23.010347,53.881756,124.99889,68.00062,-140.10866,-0.0,0.0,0.000001,-21.160532,3.280259,-4.86335,11.066675,2.588997,0.799644,4.906852,0.139776,-4.622817,-0.690702,-0.777804,0.931685,-0.0,-0.000001,0.000002,12.736412,-10.853044,-2.894025,16.16599,-1.171837,-0.268106,25.096996,4.205736,13.715313,-6.325891,-23.134197,27.67688,-0.000002,-0.000001,0.0],[15.777791,98.90981,83.894684,7.40248,27.898586,-9.550992,2.095914,4.38327,-0.166291,4.235682,8.816537,-0.596744,4.235676,8.816548,-0.596746,-0.356391,-0.673849,-1.207545,-0.356387,-0.673862,-1.207539,-0.000001,-0.000001,0.0,-0.864366,4.156062,-13.850739,36.211308,-21.833603,-49.737057,92.308815,-45.40086,111.46153,-0.000001,-0.000002,-0.000001,-5.427674,18.264217,17.595867,5.999656,22.77811,54.31168,126.37669,69.7024,-141.1954,0.000003,0.0,-0.0,-21.390177,3.3577,-5.315857,10.658508,4.653783,0.923986,5.221275,0.176617,-4.78414,0.035708,-1.09787,1.06964,0.000002,-0.000001,-0.0,12.956089,-10.445769,-2.872803,22.096231,-0.804772,-0.620863,24.083378,4.141291,14.51907,2.362505,-19.475689,25.717096,0.000002,-0.000001,0.000001],[17.307837,98.09405,86.36196,6.325895,28.957766,-9.900924,2.119653,4.180563,0.065591,4.26163,8.425636,-0.110403,4.26163,8.425641,-0.110402,-0.109463,-0.520179,-1.374668,-0.109475,-0.520225,-1.374661,0.000002,-0.000002,0.0,-0.837929,4.669868,-13.759945,36.303253,-20.524393,-50.564465,91.26169,-43.010944,110.69621,-0.000002,-0.0,0.000002,-5.195023,17.757875,16.88388,6.184421,22.479733,55.05026,126.75568,71.793365,-141.08482,0.000002,0.000001,-0.0,-20.69949,3.187738,-5.87699,10.809822,6.931974,1.2788,5.996274,0.182354,-3.039803,0.329808,-1.164917,1.058545,-0.000001,0.000004,-0.000001,13.59722,-10.191581,-2.891946,27.79691,-0.007174,-0.973705,23.657808,4.255411,15.563571,6.466382,-17.56183,23.587744,-0.000001,0.0,-0.000002],[18.844383,96.99498,88.850494,4.788107,29.929338,-9.874544,2.204127,4.009836,0.260068,4.41324,8.089332,0.3033,4.413241,8.089312,0.303307,0.204026,-0.375539,-1.444003,0.204021,-0.375557,-1.443999,0.000002,0.000002,-0.0,-0.811458,5.11424,-13.917015,35.957645,-19.27181,-51.18165,90.75204,-41.59405,110.0005,-0.0,-0.0,0.000001,-4.984871,17.214537,16.250607,6.350345,22.103855,55.97768,124.739975,73.950905,-138.46494,0.000001,0.0,-0.000002,-18.046982,2.753803,-7.174846,9.865534,8.609477,1.619512,5.021925,0.360073,4.108987,-1.118169,-0.824311,2.012827,0.0,-0.000003,0.0,14.260598,-10.219353,-3.201717,33.915695,1.191115,-1.408698,23.195465,4.32296,16.343616,6.189847,-17.28811,23.163631,-0.000001,0.000001,0.000001],[20.375965,95.67886,91.34855,2.954098,30.694494,-9.364577,2.329191,3.929868,0.367245,4.653253,7.921219,0.5412,4.653258,7.921234,0.541199,0.568553,-0.258951,-1.39105,0.568546,-0.258944,-1.391043,-0.0,-0.0,0.0,-0.787825,5.410069,-14.274251,35.09129,-18.163,-51.537907,90.92769,-41.819473,109.34978,0.000003,0.0,0.000001,-4.845379,16.688461,15.877395,6.500212,21.565662,56.9382,118.55874,75.76262,-131.57314,0.000003,0.0,0.000001,-15.042611,2.03889,-8.802168,10.219764,10.035726,1.942003,2.370044,0.146765,13.052531,-4.657386,-0.420828,6.164536,0.000001,0.000001,-0.0,14.707682,-10.605878,-4.101134,40.415318,2.520507,-1.892039,22.512321,4.212527,16.377705,6.298192,-16.899298,22.829565,0.000001,0.000001,0.000001],[21.90068,94.23908,93.81442,1.104695,31.164907,-8.366158,2.459948,3.95743,0.356119,4.912925,7.9524,0.541914,4.912926,7.952409,0.541916,0.963159,-0.175574,-1.23551,0.963162,-0.175561,-1.235511,-0.0,-0.000003,-0.0,-0.770171,5.505327,-14.837288,33.647354,-17.2754,-51.620274,91.62419,-43.940605,108.476654,-0.0,-0.000004,-0.000004,-4.81188,16.21688,15.914076,6.650498,20.801336,57.745583,107.19766,76.60479,-119.34467,0.0,0.0,0.0,-17.43353,1.70893,-9.970265,22.80099,13.133812,2.415369,-6.263793,-1.163741,13.732022,-5.399765,1.365864,-0.000507,0.0,-0.000002,-0.0,14.587566,-11.288763,-5.80465,47.21827,3.599845,-2.45973,21.534422,3.891102,15.553063,6.754674,-16.489693,22.65464,-0.000001,0.0,0.0],[23.38932,92.82252,96.175995,-0.430944,31.358635,-6.999401,2.561685,4.058725,0.221672,5.121777,8.124188,0.307704,5.121773,8.124198,0.307711,1.371902,-0.118758,-1.059319,1.371904,-0.11876,-1.059317,0.000001,-0.0,0.0,-0.762228,5.363248,-15.66,31.575848,-16.682915,-51.43201,92.16434,-47.330433,106.80086,-0.000001,0.000001,0.000002,-4.884975,15.779106,16.393864,6.852555,19.806528,58.288425,93.36547,75.92603,-104.41999,0.000002,0.000001,0.0,-18.005997,0.981192,-11.762119,31.117767,16.03563,3.254691,-13.090116,-1.874256,11.681644,-4.980382,2.768194,-0.001135,0.0,-0.000001,-0.0,13.540868,-12.026262,-8.301319,54.14599,4.041569,-3.105478,20.29917,3.415522,14.058087,7.299813,-15.912377,22.351158,0.000001,-0.000001,0.0],[24.87,91.56366,98.37497,-1.419596,31.3984,-5.458501,2.615205,4.189443,-0.016089,5.237746,8.327066,-0.096859,5.237744,8.327043,-0.096854,1.78766,-0.079825,-0.975206,1.787658,-0.079834,-0.9752,0.000001,0.0,-0.0,-0.773748,4.931347,-16.78324,28.858095,-16.455868,-51.00464,91.56578,-50.560223,103.62168,0.000002,0.000002,0.000001,-5.018411,15.279019,17.177382,7.164999,18.588896,58.641212,82.03267,73.961365,-91.76456,0.000003,-0.000001,-0.0,-17.32143,0.190618,-14.366369,35.62593,18.866549,3.768221,-18.762259,-2.760108,12.642586,-5