{"joints":[{"name":"Model_Hips","offset":[0.0,96.91508,0.0],"parent_index":null,"pose_refs":[{"pose_index":0,"data_type":"PositionX"},{"pose_index":1,"data_type":"PositionY"},{"pose_index":2,"data_type":"PositionZ"},{"pose_index":3,"data_type":"RotationX"},{"pose_index":4,"data_type":"RotationY"},{"pose_index":5,"data_type":"RotationZ"}]},{"name":"Model_Spine","offset":[0.0,11.137703,-1.2899],"parent_index":0,"pose_refs":[{"pose_index":6,"data_type":"RotationX"},{"pose_index":7,"data_type":"RotationY"},{"pose_index":8,"data_type":"RotationZ"}]},{"name":"Model_Spine1","offset":[0.0,12.993942,-1.504922],"parent_index":1,"pose_refs":[{"pose_index":9,"data_type":"RotationX"},{"pose_index":10,"data_type":"RotationY"},{"pose_index":11,"data_type":"RotationZ"}]},{"name":"Model_Spine2","offset":[0.0,14.85022,-1.719911],"parent_index":2,"pose_refs":[{"pose_index":12,"data_type":"RotationX"},{"pose_index":13,"data_type":"RotationY"},{"pose_index":14,"data_type":"RotationZ"}]},{"name":"Model_Neck","offset":[0.0,16.706543,-1.934903],"parent_index":3,"pose_refs":[{"pose_index":15,"data_type":"RotationX"},{"pose_index":16,"data_type":"RotationY"},{"pose_index":17,"data_type":"RotationZ"}]},{"name":"Model_Head","offset":[0.0,10.471298,2.0021],"parent_index":4,"pose_refs":[{"pose_index":18,"data_type":"RotationX"},{"pose_index":19,"data_type":"RotationY"},{"pose_index":20,"data_type":"RotationZ"}]},{"name":"Model_HeadTop_End","offset":[0.0,20.842606,3.9851],"parent_index":5,"pose_refs":[{"pose_index":21,"data_type":"RotationX"},{"pose_index":22,"data_type":"RotationY"},{"pose_index":23,"data_type":"RotationZ"}]},{"name":"Model_LeftShoulder","offset":[7.0085,14.7686,-1.919946],"parent_index":3,"pose_refs":[{"pose_index":24,"data_type":"RotationX"},{"pose_index":25,"data_type":"RotationY"},{"pose_index":26,"data_type":"RotationZ"}]},{"name":"Model_LeftArm","offset":[14.126271,-3.718048,0.029937],"parent_index":7,"pose_refs":[{"pose_index":27,"data_type":"RotationX"},{"pose_index":28,"data_type":"RotationY"},{"pose_index":29,"data_type":"RotationZ"}]},{"name":"Model_LeftForeArm","offset":[28.2828,0.0,0.0],"parent_index":8,"pose_refs":[{"pose_index":30,"data_type":"RotationX"},{"pose_index":31,"data_type":"RotationY"},{"pose_index":32,"data_type":"RotationZ"}]},{"name":"Model_LeftHand","offset":[26.204689,0.0,0.0],"parent_index":9,"pose_refs":[{"pose_index":33,"data_type":"RotationX"},{"pose_index":34,"data_type":"RotationY"},{"pose_index":35,"data_type":"RotationZ"}]},{"name":"Model_RightShoulder","offset":[-7.0085,14.768555,-1.94984],"parent_index":3,"pose_refs":[{"pose_index":36,"data_type":"RotationX"},{"pose_index":37,"data_type":"RotationY"},{"pose_index":38,"data_type":"RotationZ"}]},{"name":"Model_RightArm","offset":[-14.126281,-3.718018,-0.029932],"parent_index":11,"pose_refs":[{"pose_index":39,"data_type":"RotationX"},{"pose_index":40,"data_type":"RotationY"},{"pose_index":41,"data_type":"RotationZ"}]},{"name":"Model_RightForeArm","offset":[-28.283798,0.0,-0.000001],"parent_index":12,"pose_refs":[{"pose_index":42,"data_type":"RotationX"},{"pose_index":43,"data_type":"RotationY"},{"pose_index":44,"data_type":"RotationZ"}]},{"name":"Model_RightHand","offset":[-26.204193,0.0,-0.000001],"parent_index":13,"pose_refs":[{"pose_index":45,"data_type":"RotationX"},{"pose_index":46,"data_type":"RotationY"},{"pose_index":47,"data_type":"RotationZ"}]},{"name":"Model_LeftUpLeg","offset":[8.3277,-6.193199,-0.4028],"parent_index":0,"pose_refs":[{"pose_index":48,"data_type":"RotationX"},{"pose_index":49,"data_type":"RotationY"},{"pose_index":50,"data_type":"RotationZ"}]},{"name":"Model_LeftLeg","offset":[0.735802,-42.10874,-0.610721],"parent_index":15,"pose_refs":[{"pose_index":51,"data_type":"RotationX"},{"pose_index":52,"data_type":"RotationY"},{"pose_index":53,"data_type":"RotationZ"}]},{"name":"Model_LeftFoot","offset":[-0.735806,-36.833748,-0.172876],"parent_index":16,"pose_refs":[{"pose_index":54,"data_type":"RotationX"},{"pose_index":55,"data_type":"RotationY"},{"pose_index":56,"data_type":"RotationZ"}]},{"name":"Model_LeftToeBase","offset":[-0.565857,-11.977769,16.297714],"parent_index":17,"pose_refs":[{"pose_index":57,"data_type":"RotationX"},{"pose_index":58,"data_type":"RotationY"},{"pose_index":59,"data_type":"RotationZ"}]},{"name":"Model_LeftToe_End","offset":[-0.111712,-0.312793,7.857784],"parent_index":18,"pose_refs":[{"pose_index":60,"data_type":"RotationX"},{"pose_index":61,"data_type":"RotationY"},{"pose_index":62,"data_type":"RotationZ"}]},{"name":"Model_RightUpLeg","offset":[-8.3277,-6.193199,-0.5165],"parent_index":0,"pose_refs":[{"pose_index":63,"data_type":"RotationX"},{"pose_index":64,"data_type":"RotationY"},{"pose_index":65,"data_type":"RotationZ"}]},{"name":"Model_RightLeg","offset":[-0.735785,-42.108738,-0.434061],"parent_index":20,"pose_refs":[{"pose_index":66,"data_type":"RotationX"},{"pose_index":67,"data_type":"RotationY"},{"pose_index":68,"data_type":"RotationZ"}]},{"name":"Model_RightFoot","offset":[0.735776,-36.833748,-0.02163],"parent_index":21,"pose_refs":[{"pose_index":69,"data_type":"RotationX"},{"pose_index":70,"data_type":"RotationY"},{"pose_index":71,"data_type":"RotationZ"}]},{"name":"Model_RightToeBase","offset":[0.565817,-11.977745,15.903093],"parent_index":22,"pose_refs":[{"pose_index":72,"data_type":"RotationX"},{"pose_index":73,"data_type":"RotationY"},{"pose_index":74,"data_type":"RotationZ"}]},{"name":"Model_RightToe_End","offset":[0.111702,-0.312791,7.811342],"parent_index":23,"pose_refs":[{"pose_index":75,"data_type":"RotationX"},{"pose_index":76,"data_type":"RotationY"},{"pose_index":77,"data_type":"RotationZ"}]}],"trajectories":{"matrices":[[0.99854183,-0.026027175,-0.04729483,0.0,0.02683439,0.9995035,0.016513595,0.0,0.046841543,-0.017758643,0.9987445,0.0,-0.184628,95.910164,0.722266,1.0],[0.99897903,-0.03394634,0.02980917,0.0,0.03358097,0.9993557,0.012673263,0.0,-0.030220173,-0.011659303,0.99947524,0.0,-0.33493525,94.0398,26.440132,1.0],[0.9977359,-0.011562556,0.06625243,0.0,0.009855418,0.9996124,0.026036352,0.0,-0.066527806,-0.025324456,0.99746317,0.0,1.6028919,89.79228,56.74175,1.0],[0.99967104,-0.025492879,0.002824825,0.0,0.025444442,0.9995477,0.016028546,0.0,-0.0032321613,-0.015951395,0.99986756,0.0,3.3966088,96.1139,83.65651,1.0],[0.99485594,0.02025053,-0.09925518,0.0,-0.016950088,0.99927866,0.033983387,0.0,0.09987176,-0.03212619,0.99448156,0.0,3.6008291,93.48067,108.858826,1.0],[0.991182,-0.009976824,-0.13213119,0.0,0.017297294,0.99837095,0.05437168,0.0,0.1313735,-0.056177747,0.9897399,0.0,1.714956,89.66547,138.11845,1.0],[0.9975693,-0.028575651,-0.06355213,0.0,0.029717263,0.99941224,0.01709111,0.0,0.06302638,-0.018938161,0.9978322,0.0,-0.088012405,95.583694,165.738,1.0],[0.99515766,-0.03580746,-0.09153729,0.0,0.012556749,0.9699655,-0.24291806,0.0,0.097486295,0.24059235,0.96571827,0.0,-0.399525,94.90331,-0.670374,1.0],[0.9950679,-0.08878193,-0.044245653,0.0,0.07893657,0.97883064,-0.18883744,0.0,0.06007435,0.18441346,0.9810111,0.0,0.3529651,94.5952,11.352838,1.0],[0.9957621,-0.068566754,0.061289653,0.0,0.0783681,0.98138696,-0.17532276,0.0,-0.048127554,0.1793829,0.9826014,0.0,2.428431,93.55958,28.946894,1.0],[0.99233395,0.0016041119,0.123574995,0.0,0.026247429,0.97436863,-0.2234207,0.0,-0.12076599,0.22495146,0.96685696,0.0,4.6002054,93.75943,42.913143,1.0],[0.9958191,-0.03747607,0.08330612,0.0,0.05633282,0.96985316,-0.23708957,0.0,-0.07190952,0.2407912,0.9679094,0.0,5.5630245,94.798546,54.189697,1.0],[0.99861115,-0.0018622158,0.052652624,0.0,0.011830105,0.9817812,-0.18964651,0.0,-0.05134019,0.19000602,0.98043966,0.0,5.5335674,93.9949,63.831196,1.0],[0.999493,0.018965513,-0.0255745,0.0,-0.02261842,0.98826104,-0.15109092,0.0,0.022408767,0.15159276,0.988189,0.0,3.3146012,92.94448,75.40211,1.0],[0.99680734,-0.044093423,-0.06656512,0.0,0.033179715,0.9870465,-0.15696622,0.0,0.072624035,0.15425648,0.9853582,0.0,0.201382,93.33437,86.97087,1.0],[0.99285007,-0.04194525,-0.111755915,0.0,0.021463888,0.98370135,-0.17852454,0.0,0.11742269,0.17484938,0.9775682,0.0,-1.4608067,93.57133,93.873634,1.0],[0.99667156,-0.008562156,-0.08107081,0.0,-0.005335508,0.98548573,-0.16967432,0.0,0.0813469,0.16954212,0.98216,0.0,-1.1534451,94.7588,99.60274,1.0],[0.99854505,-0.031418256,-0.043825794,0.0,0.023040894,0.9833945,-0.18001205,0.0,0.048753712,0.17874035,0.9826876,0.0,0.69690806,95.56731,105.67628,1.0],[0.9993253,-0.028924441,0.022636553,0.0,0.032232072,0.9861162,-0.16289873,0.0,-0.017610515,0.16351844,0.9863831,0.0,2.8151817,96.63993,109.96943,1.0],[0.9973298,-0.024636671,0.06874854,0.0,0.034388937,0.988908,-0.14449339,0.0,-0.06442615,0.14647175,0.9871146,0.0,4.2452183,97.09534,111.955185,1.0],[0.99531,-0.03015726,0.091915786,0.0,0.04165347,0.9911753,-0.1258433,0.0,-0.08730957,0.12908171,0.98778284,0.0,4.991208,97.39944,112.138916,1.0],[0.99344754,-0.03068552,0.11009249,0.0,0.043297,0.9925301,-0.114058636,0.0,-0.105770156,0.11807794,0.9873552,0.0,5.1937175,97.32956,111.52328,1.0],[0.9936851,-0.028510936,0.108522125,0.0,0.03944972,0.9942025,-0.100025296,0.0,-0.105041154,0.103674814,0.98904896,0.0,5.2130322,97.46105,110.476585,1.0],[0.99502563,-0.024670973,0.0965159,0.0,0.03353406,0.9952573,-0.09131434,0.0,-0.09380535,0.09409668,0.99113387,0.0,5.231779,97.53729,109.59527,1.0],[0.9957109,-0.02482154,0.08912763,0.0,0.033166856,0.9950753,-0.093408726,0.0,-0.086370155,0.09596417,0.9916305,0.0,5.2899013,97.623634,108.95075,1.0],[0.99618316,-0.022848468,0.08424393,0.0,0.030678522,0.9952069,-0.09285505,0.0,-0.08171854,0.095085114,0.9921093,0.0,5.323515,97.632675,108.6371,1.0]],"offsets":[0,7,26],"loopables":[false,false],"interval":0.1667},"poses":{"poses":[[-0.184628,95.910164,0.722266,1.018667,2.684805,-1.539372,0.193011,0.358989,0.266579,0.38498,0.692414,0.496923,0.38498,0.692416,0.496922,-0.000368,-0.152066,-0.402849,-0.000366,-0.152064,-0.402849,-0.0,0.000001,-0.0,0.546338,-14.779643,-16.71902,-6.085803,6.471311,-50.651382,18.149223,-31.939037,-5.078711,-0.000002,-0.000002,0.000002,1.417833,7.41819,17.752878,0.623263,-19.220125,55.031048,11.687451,24.821878,10.776473,-0.000002,-0.000001,0.0,-25.015507,5.99055,6.634609,65.15992,-1.017117,0.780103,-3.435784,0.473001,-1.303519,-11.409963,-1.753246,-0.604565,-0.000002,-0.0,0.0,-9.951031,-8.689134,2.866451,20.940752,7.913191,-0.007781,-11.354271,0.621426,-4.782615,-4.894228,-0.667435,0.583832,0.0,-0.0,0.0],[-0.239635,96.218124,3.264882,1.036578,1.994645,-1.465878,0.202061,0.518637,0.141604,0.402802,1.0308,0.284786,0.4028,1.030803,0.284786,0.018816,-0.194889,-0.225559,0.018816,-0.194886,-0.225559,0.0,-0.0,-0.0,0.656575,-14.393372,-16.337557,-4.621612,9.008311,-52.102386,17.406637,-31.463594,-4.75017,0.000005,0.0,0.0,1.421097,7.59812,17.238735,-0.60305,-20.888363,54.84728,9.864343,30.704983,11.824459,-0.0,-0.000003,0.000001,-27.002502,5.963973,6.350671,62.18139,-0.033208,0.273866,-5.009648,0.489597,-1.076762,-8.106711,-0.975005,-0.918045,0.0,-0.0,-0.0,-7.811558,-9.001091,2.994237,20.157724,8.356074,0.013914,-11.728114,0.725308,-5.162203,-5.142469,-0.681673,0.546017,0.0,-0.0,0.0],[-0.303281,96.43939,5.845019,1.019681,1.349811,-1.505099,0.213634,0.667789,0.054131,0.425717,1.349875,0.145007,0.425715,1.349876,0.145007,0.185045,-0.205393,-0.152663,0.185048,-0.205396,-0.152662,0.0,0.0,-0.0,0.863013,-13.532259,-15.845412,-3.195015,10.284136,-53.447903,17.211681,-30.374517,-4.510823,-0.0,-0.000001,0.000001,1.326016,8.19659,16.980358,-2.30979,-21.673477,54.338478,8.124859,34.69107,13.057548,-0.000001,0.000001,0.0,-28.512123,5.871597,6.087694,58.020332,1.114502,-0.037418,-6.237665,0.481477,-0.834003,-4.473362,-0.315241,-0.466526,-0.0,0.0,-0.0,-5.588396,-9.321546,3.123338,19.238815,8.879062,0.118004,-11.927564,0.807544,-5.271397,-5.178826,-0.68023,0.43651,0.0,-0.0,0.0],[-0.352748,96.47185,8.371439,0.971786,0.754315,-1.601819,0.270766,0.805868,-0.024915,0.54039,1.649265,0.002187,0.540391,1.649268,0.002186,0.172495,-0.260116,0.072525,0.172497,-0.260116,0.072525,0.0,-0.0,0.0,0.925419,-13.224612,-15.788665,-1.134141,11.837009,-54.02018,17.522364,-30.724316,-4.22345,-0.0,-0.000002,0.000001,1.36107,8.304607,16.286055,-4.424834,-20.540482,54.051506,6.897422,37.11274,14.057675,0.0,0.0,-0.0,-29.489483,5.388658,5.624049,53.09287,2.657642,-0.154413,-7.327436,0.475619,-0.711697,-6.122083,4.072521,-3.885304,0.000001,-0.000002,0.000001,-3.737103,-9.647391,3.18285,19.1366,9.412154,0.277056,-12.616491,0.912276,-5.487284,-5.247184,-0.709811,0.400272,0.0,-0.0,0.0],[-0.380716,96.38457,10.902168,0.889625,0.236261,-1.728955,0.328116,0.926787,-0.045443,0.655563,1.917298,-0.046963,0.655562,1.917297,-0.046962,0.200899,-0.286359,0.179146,0.200904,-0.28636,0.179146,0.0,0.000001,-0.0,0.948905,-13.007842,-16.007544,0.995815,13.154623,-54.52245,18.063307,-31.001368,-3.916467,0.000001,-0.000001,0.000001,1.345721,8.622751,15.769051,-6.461314,-19.049488,53.27673,6.09259,39.275375,14.703164,-0.0,0.0,-0.0,-30.54755,5.176096,5.518763,48.31584,3.631023,-0.429296,-8.406755,0.399087,-0.095096,-5.532261,3.715036,-3.56462,0.000001,-0.000001,0.0,-1.922461,-9.971756,3.154014,19.221067,9.957733,0.54874,-13.501464,1.051462,-5.764525,-5.318186,-0.791471,0.462251,0.0,-0.0,0.0],[-0.39085,96.17783,13.565292,0.784868,-0.191472,-1.848177,0.344168,1.02818,-0.058357,0.688611,2.149426,-0.094278,0.688609,2.149425,-0.09428,0.400432,-0.315014,0.304605,0.400432,-0.315016,0.304605,0.0,-0.0,-0.0,1.135225,-12.145803,-15.688839,2.507159,13.855991,-55.61768,18.47687,-30.07043,-3.99415,0.000001,0.0,-0.0,1.332003,8.917124,15.312871,-8.497147,-17.367954,52.58259,5.274816,40.636497,15.067554,-0.000002,-0.0,0.0,-31.288721,4.859476,5.285024,43.016792,4.486787,-0.506259,-8.875044,0.32792,0.530645,-5.47007,2.761708,-2.864127,0.0,-0.000001,-0.0,0.001047,-10.49841,2.981207,19.35996,10.746307,0.925931,-14.562791,1.211685,-6.102941,-5.526848,-0.865889,0.453848,0.0,0.0,0.0],[-0.392973,95.8646,16.177917,0.681766,-0.537572,-1.934907,0.382554,1.114787,-0.063716,0.766943,2.354975,-0.14315,0.766941,2.354976,-0.14315,0.527049,-0.337338,0.408846,0.527068,-0.33734,0.408848,-0.0,0.0,-0.0,1.148484,-12.102712,-15.622217,4.487962,14.976026,-56.5837,19.060501,-29.71967,-3.721934,-0.0,-0.0,0.0,1.355242,9.070831,14.734526,-10.561286,-15.00276,52.225746,4.889637,41.274532,14.572851,0.0,0.0,0.0,-31.936468,4.569829,5.04579,37.75648,4.954721,-0.479281,-8.805584,0.267542,1.179,-4.929812,1.146341,-1.611575,-0.0,-0.0,-0.0,1.737545,-10.852633,2.73966,19.807346,11.363639,1.299556,-15.756403,1.375661,-6.399396,-5.982449,-0.996252,0.532652,-0.0,0.0,0.0],[-0.409383,95.47148,18.71143,0.607601,-0.829895,-1.97852,0.432789,1.191792,-0.079951,0.869975,2.545572,-0.22822,0.869975,2.545571,-0.22822,0.591376,-0.369396,0.555653,0.591387,-0.369394,0.555652,0.0,0.0,-0.0,1.160953,-12.134539,-15.377327,6.185649,15.984082,-57.79015,19.520382,-29.007242,-3.391829,0.000001,-0.0,-0.0,1.364376,9.112753,14.549585,-12.484595,-12.098125,51.68661,4.955417,41.75021,13.36669,0.000002,0.000004,-0.000001,-32.662212,4.598706,4.906667,32.499397,4.700588,-0.376868,-7.74725,0.221081,1.839058,-4.921526,-0.076293,-0.719316,0.000001,0.000001,0.0,3.251635,-11.100533,2.441231,20.531158,11.867826,1.647324,-16.975292,1.540512,-6.655566,-6.718995,-1.186596,0.727686,0.0,0.0,-0.0],[-0.396466,95.020615,21.317766,0.581403,-1.106241,-1.978323,0.4576,1.266398,-0.097955,0.922401,2.738045,-0.314359,0.922399,2.738042,-0.314359,0.701915,-0.401587,0.690728,0.701914,-0.40159,0.690731,0.0,-0.0,-0.0,1.277452,-11.684353,-14.897836,7.196386,16.697245,-59.273434,19.849983,-27.527245,-3.162832,-0.000001,-0.0,-0.0,1.308295,9.604003,14.262595,-13.901091,-9.538657,51.400368,5.015877,41.96379,11.680112,0.0,0.0,0.0,-33.415627,4.379536,4.606092,27.523937,4.374794,-0.068103,-6.260448,0.25037,2.002045,-5.121736,0.701215,-1.319978,0.0,-0.000001,-0.0,4.80075,-11.402788,2.039262,21.148315,12.448942,2.003084,-18.080292,1.698776,-6.848747,-7.634055,-1.368715,0.907445,0.0,0.0,0.0],[-0.385076,94.536125,23.878372,0.606486,-1.400918,-1.957684,0.475253,1.344724,-0.129916,0.96151,2.946396,-0.43524,0.961512,2.946395,-0.43524,0.773271,-0.447186,0.870369,0.773281,-0.447187,0.87037,-0.0,-0.0,0.0,1.28556,-11.748101,-14.63313,8.474974,17.70171,-60.53967,20.107689,-26.527374,-2.778266,-0.000002,0.000001,-0.0,1.32861,9.737832,13.804638,-15.40724,-6.581829,51.61707,5.193765,41.26304,9.736179,0.000003,0.0,0.0,-34.206104,4.029113,4.290186,23.179436,3.972668,0.381351,-5.127122,0.315359,1.626998,-5.560831,1.734834,-2.140424,-0.000002,-0.0,-0.0,5.769877,-11.633151,1.550718,22.701065,12.898618,2.267206,-19.004337,1.828135,-6.941451,-9.32303,-1.501467,0.75092,0.0,0.0,0.0],[-0.334937,94.03982,26.440052,0.668347,-1.731741,-1.92529,0.467695,1.428809,-0.170747,0.949975,3.178897,-0.553237,0.949973,3.178899,-0.553238,0.867341,-0.496023,1.043861,0.867358,-0.496025,1.04386,0.000001,-0.0,0.0,1.236565,-12.035005,-14.622701,9.875077,18.86594,-61.568153,20.44423,-25.897175,-2.253181,-0.0,0.000001,-0.0,1.327282,9.947681,13.460969,-16.593895,-3.943289,51.784092,5.492716,40.510944,7.743586,-0.000001,0.0,0.000001,-35.557327,3.790268,4.045581,20.649822,3.363618,0.922222,-4.93473,0.368204,0.908871,-6.186706,3.317303,-3.372605,-0.000002,-0.000001,-0.0,6.682227,-12.004466,0.978801,24.243368,13.460306,2.530228,-19.668219,1.965921,-7.168215,-11.212833,-1.592199,0.684442,0.0,-0.0,0.0],[-0.276274,93.55247,29.09755,0.738894,-2.097271,-1.894279,0.453454,1.518299,-0.230715,0.924735,3.434074,-0.681827,0.924736,3.434074,-0.681826,0.935711,-0.553703,1.236414,0.93571,-0.553705,1.236413,-0.0,-0.000001,0.0,1.321512,-11.698512,-14.280682,10.442925,19.641413,-62.67314,20.561457,-24.613546,-1.883155,-0.000001,0.0,0.0,1.354699,10.009842,13.06783,-17.661287,-1.429098,52.212185,5.678995,39.38525,5.893191,-0.000001,-0.0,-0.0,-37.261013,3.344703,3.878322,20.064302,2.928006,1.413339,-5.857163,0.418412,-0.023968,-6.91705,4.212249,-4.109409,0.000001,-0.000001,0.0,7.741486,-12.222038,0.497604,25.548328,13.775318,2.639649,-19.97312,2.071921,-7.302226,-13.415384,-1.618069,0.801134,-0.0,0.0,0.0],[-0.178903,93.02345,31.746292,0.786615,-2.481176,-1.877849,0.459831,1.611981,-0.297124,0.940692,3.700389,-0.811633,0.940693,3.700389,-0.811631,0.844878,-0.614077,1.419392,0.844866,-0.614076,1.419392,-0.0,0.0,-0.0,1.314182,-11.76081,-14.250349,11.483005,20.627735,-63.354797,20.89862,-24.676603,-1.364467,0.0,-0.0,-0.0,1.360081,10.221206,12.674674,-18.419191,0.579448,52.672966,5.940425,38.472813,4.088266,-0.000001,0.000001,-0.000001,-38.84556,3.162064,3.840817,20.695759,2.22691,1.730465,-7.522848,0.483797,-0.79988,-7.686583,5.101813,-4.834407,0.0,0.0,0.000001,8.574463,-12.472351,-0.039258,27.279219,14.055283,2.641505,-20.032452,2.155517,-7.372715,-15.985431,-1.793889,0.874534,-0.0,-0.0,0.0],[-0.065583,92.479126,34.536835,0.79096,-2.858905,-1.867348,0.461143,1.707669,-0.360828,0.9459,3.962161,-0.921861,0.945901,3.962162,-0.92186,0.711078,-0.665274,1.556839,0.7111,-0.665272,1.556841,0.0,-0.0,0.0,1.289229,-11.864367,-14.363458,12.616405,21.780302,-63.826836,21.189701,-25.501217,-0.866638,-0.000001,0.0,0.0,1.44587,10.270263,11.70522,-18.89717,2.228364,53.79874,6.060327,37.56177,2.497452,-0.000002,0.0,-0.000001,-39.856922,3.248798,3.896549,21.956926,1.289327,1.842374,-9.636019,0.555301,-1.236209,-8.639926,4.458531,-4.474474,0.000007,-0.0,0.0,9.489569,-12.719667,-0.536837,29.032843,14.258646,2.44332,-19.620775,2.152481,-7.296593,-18.903488,-2.01242,0.789825,0.0,0.0,0.0],[0.100036,91.85309,37.60651,0.755746,-3.20193,-1.84389,0.429354,1.79739,-0.4258,0.884201,4.203297,-1.020661,0.884201,4.203296,-1.02066,0.576607,-0.703792,1.649173,0.57662,-0.70379,1.649173,-0.0,0.000001,-0.0,1.395256,-11.261075,-14.380207,13.623126,22.855892,-64.01548,21.683472,-27.33732,-0.489453,-0.000001,-0.0,-0.0,1.401143,10.698226,11.552093,-18.277437,2.345609,53.758392,6.468802,39.09798,1.318121,0.000002,-0.000002,-0.0,-40.397842,3.805013,4.079579,24.142464,-0.091663,1.632135,-12.255909,0.589461,-1.016676,-10.613135,3.185828,-3.697429,0.000003,0.0,-0.0,10.512527,-12.909957,-1.07442,30.890537,14.379544,2.143499,-18.694988,2.095518,-7.133683,-22.250856,-2.282499,0.470039,0.0,0.0,0.0],[0.327507,91.19279,40.813633,0.712502,-3.493979,-1.784948,0.405362,1.877267,-0.494994,0.837823,4.406853,-1.12284,0.837825,4.406854,-1.122841,0.325139,-0.725856,1.689136,0.325139,-0.725856,1.689137,0.0,0.0,-0.0,1.357303,-11.337649,-14.754317,15.018606,24.158306,-63.921936,22.188738,-30.092909,-0.062684,-0.000001,-0.0,-0.0,1.448922,10.634207,11.159181,-17.508537,2.538825,54.220924,7.055486,40.812527,0.183327,-0.0,-0.000001,-0.000001,-40.424843,4.746882,4.213697,26.65633,-1.689526,1.285489,-14.691208,0.484632,-0.050651,-13.314036,3.022508,-3.747176,-0.0,-0.000001,0.000001,11.379191,-13.045497,-1.654751,33.04247,14.346585,1.688519,-16.929575,1.971164,-6.864319,-26.450115,-2.413123,0.041677,0.0,0.0,0.0],[0.610589,90.60581,44.037506,0.710007,-3.723137,-1.686205,0.364776,1.942498,-0.534182,0.759039,4.558771,-1.199908,0.75904,4.558769,-1.199908,0.097312,-0.717223,1.629847,0.097314,-0.717225,1.62985,0.0,0.0,0.0,1.225945,-11.834357,-15.339133,16.29124,25.345505,-63.908302,22.427664,-32.494415,0.477832,-0.000001,0.000001,-0.0,1.539996,10.266648,10.722164,-16.483988,2.62894,54.93904,7.902861,42.708313,-0.957916,-0.000002,-0.0,0.0,-39.06071,4.922756,3.984757,26.021746,-2.127911,1.088015,-10.950634,0.321258,0.626306,-15.003334,3.266196,-4.235999,-0.000002,-0.0,0.0,11.944205,-13.181154,-2.243265,35.30869,14.137753,1.085107,-13.705363,1.766997,-6.470852,-32.43785,-2.552442,0.033324,0.000001,0.0,0.0],[0.84848,90.20885,47.390903,0.791012,-3.870838,-1.474691,0.247646,1.976908,-0.627313,0.523933,4.650689,-1.305266,0.523933,4.650694,-1.305267,0.14144,-0.701586,1.583905,0.141439,-0.701585,1.583901,-0.0,0.0,-0.0,1.126235,-12.261067,-15.613095,17.156761,26.051771,-64.19112,22.30535,-33.66734,0.873907,-0.000001,0.0,0.0,1.580901,9.95001,10.725129,-14.885969,2.160202,55.531918,8.994559,44.870193,-2.098722,0.0,-0.000002,0.000003,-39.87417,5.203829,4.101468,30.148726,-4.165603,0.775131,-8.128457,0.304538,0.315715,-15.230921,4.59779,-3.274701,-0.0,-0.0,0.0,12.486189,-13.151038,-2.630382,36.88854,13.401943,0.26646,-8.164507,1.444765,-5.685114,-40.150307,-2.465944,-0.006853,0.000001,-0.000001,0.0],[1.076923,89.959496,50.53204,0.968227,-3.943654,-1.197712,0.123605,1.987813,-0.717744,0.275676,4.668898,-1.424447,0.275674,4.668895,-1.424446,0.184565,-0.667147,1.502496,0.184564,-0.667147,1.502494,0.0,-0.0,-0.0,0.965225,-12.886678,-16.130112,17.749275,26.733814,-64.166115,22.074457,-34.802612,1.152241,-0.000001,0.0,0.0,1.615995,9.555311,10.905663,-13.057645,1.547306,56.099026,10.322572,47.045338,-3.394777,0.000003,-0.000002,0.000001,-39.92779,5.368008,3.913766,32.896442,-5.476479,0.602462,-5.431263,0.255332,0.481921,-11.074493,5.452848,-3.028389,-0.000001,-0.0,-0.0,11.9979,-13.256257,-2.977014,38.690475,12.39389,-0.698527,-0.752355,1.16947,-4.576433,-49.086212,-2.136911,-0.108125,0.000001,0.0,0.0],[1.326099,89.823654,53.618107,1.211062,-3.92855,-0.87995,-0.022012,1.9727,-0.828764,-0.014025,4.606993,-1.606229,-0.014025,4.606992,-1.606228,0.283841,-0.640048,1.498845,0.283841,-0.640046,1.498848,0.0,0.0,0.0,0.951151,-13.007819,-16.02716,17.628372,26.980007,-64.1697,21.664581,-35.294655,0.986232,-0.0,0.000001,-0.0,1.596941,9.19439,11.679358,-10.800615,0.738141,56.287285,12.002101,49.380196,-5.066445,0.000003,-0.0,0.000001,-39.231373,5.452014,3.519451,34.448864,-5.352439,0.415384,-2.347111,0.229699,0.833477,-6.184159,5.240692,-3.754508,0.000001,-0.0,0.0,11.376414,-13.283725,-3.240145,39.146748,10.895644,-1.528399,9.490127,1.064288,-2.894175,-59.70192,-1.767629,-0.126939,0.000001,0.0,0.0],[1.602878,89.792274,56.741573,1.454352,-3.814591,-0.565956,-0.194487,1.924995,-0.930106,-0.356673,4.465227,-1.796897,-0.356672,4.465228,-1.796896,0.509053,-0.611457,1.520601,0.509044,-0.611459,1.520603,0.0,-0.0,0.0,1.15684,-12.180272,-15.447521,16.915398,26.44289,-64.004295,21.424953,-35.46845,0.655424,-0.0,-0.0,-0.0,1.507488,9.320187,12.507427,-7.88889,-0.626886,56.6229,13.793557,51.671803,-7.251425,-0.000001,-0.000001,0.000001,-37.714226,5.202513,2.927088,34.401695,-3.85513,0.16956,1.705965,0.284518,1.087234,-4.41451,4.228826,-3.665513,0.000001,-0.0,0.0,12.184722,-12.993363,-3.174664,36.136852,8.929302,-1.883125,22.116798,1.266081,-1.48856,-70.40248,-1.221119,0.352574,0.0,0.0,-0.0],[1.835347,89.887924,59.650146,1.62536,-3.613537,-0.244531,-0.263426,1.839435,-1.060965,-0.497044,4.239771,-1.963325,-0.497043,4.239773,-1.963326,0.477614,-0.575169,1.504481,0.477617,-0.575169,1.504483,0.0,0.0,0.0,1.16579,-12.265615,-15.151253,16.090834,26.465994,-63.768784,20.84914,-35.84556,0.231878,-0.0,-0.0,0.0,1.457262,9.148185,13.387759,-5.364959,-1.59682,57.029434,15.730957,53.465305,-9.59673,-0.0,0.0,0.0,-37.41788,5.281801,2.46981,38.01844,-3.827081,0.033292,-2.332008,0.265021,1.550031,-3.843578,3.890637,-3.212091,-0.0,0.0,-0.0,11.645704,-12.053879,-3.387404,37.177757,5.69648,-2.049821,28.630049,1.339396,-1.458154,-68.296684,-1.279738,2.421758,0.000001,-0.0,0.0],[2.056397,90.11908,62.383778,1.677421,-3.367723,-0.017024,-0.248849,1.729174,-1.094382,-0.472103,3.948773,-1.972792,-0.472103,3.948776,-1.972791,0.308201,-0.494295,1.279669,0.30821,-0.494293,1.279667,0.0,0.0,0.0,0.789657,-13.597603,-16.549074,16.002457,27.292591,-62.5964,20.763483,-37.672832,0.712291,-0.000001,-0.000001,0.0,1.490381,8.927801,13.392972,-3.242377,-2.419526,58.20539,17.167677,54.273457,-11.478517,0.000001,-0.000001,0.0,-36.392597,5.227997,1.92788,40.255104,-3.732468,0.019979,-5.599997,0.250789,1.850081,-4.026974,3.803445,-3.372873,0.0,0.0,-0.000001,9.615965,-11.320294,-3.647875,40.381615,2.693195,-2.240372,31.722946,1.245855,-2.330407,-63.161068,-2.724147,5.442527,0.000002,0.000001,-0.0],[2.292484,90.68303,65.21395,1.605884,-3.124867,0.099005,-0.219239,1.61086,-1.087009,-0.417154,3.62502,-1.924251,-0.417155,3.625023,-1.924251,0.332648,-0.412575,1.071304,0.332655,-0.412576,1.071304,0.0,0.0,0.0,0.386622,-14.82726,-18.049374,15.176038,27.51096,-61.186016,20.495983,-37.86827,1.151428,-0.000001,0.000001,0.0,1.572824,8.786493,12.645736,-1.498905,-2.831389,60.514378,17.711454,52.922253,-12.577716,0.0,-0.000001,0.0,-34.32032,5.338333,1.411725,40.755264,-3.818587,0.116544,-8.060025,0.232433,2.105442,-4.15753,3.841709,-3.480237,0.0,0.0,-0.0,6.767937,-10.965737,-3.911126,44.15773,0.539334,-2.337054,32.22495,1.053319,-4.018992,-56.59024,-5.492252,9.176733,-0.000001,0.000001,-0.000001],[2.560781,91.41501,67.88893,1.443776,-2.909837,0.100931,-0.128259,1.483313,-1.036396,-0.239674,3.281331,-1.806927,-0.239674,3.281331,-1.806926,0.276895,-0.323456,0.835496,0.276896,-0.323458,0.835498,-0.0,0.0,0.0,0.060394,-15.888666,-18.8981,13.4992,26.97551,-60.17082,19.675709,-36.419575,1.008685,0.0,-0.0,-0.0,1.653123,8.272735,12.569087,-0.178274,-2.764142,61.94169,18.295893,51.045067,-13.363329,0.000002,0.0,-0.000002,-31.677843,5.350531,0.893251,40.051964,-3.822535,0.289807,-9.800855,0.216138,2.260981,-4.403943,3.923392,-3.681682,0.0,-0.0,-0.0,3.42768,-10.542935,-4.088254,48.05816,-0.751598,-2.278709,30.740591,0.736208,-5.958194,-49.276115,-10.244806,13.35107,-0.000002,-0.000001,0.000002],[2.778025,92.25973,70.56195,1.241946,-2.714076,-0.008669,-0.040718,1.347647,-0.967907,-0.068283,2.93375,-1.67235,-0.068282,2.93375,-1.672349,0.297265,-0.250045,0.67449,0.297265,-0.250042,0.674489,0.0,-0.0,-0.0,-0.074608,-16.472137,-18.932667,11.425608,25.465168,-59.576714,18.692122,-33.60517,0.480981,-0.000003,-0.0,-0.0,1.663189,7.951963,13.053483,1.148819,-2.892521,62.794594,18.76783,48.807594,-13.849654,0.000001,0.000001,-0.000001,-28.596663,5.468164,0.584763,38.462444,-4.042739,0.424105,-11.064176,0.192748,2.422539,-4.548354,3.948697,-3.80128,-0.0,0.0,-0.0,0.547913,-9.870772,-3.948584,50.83127,-1.529055,-2.070361,28.178225,0.544719,-7.694467,-45.043243,-12.445014,15.395429,0.000001,0.0,0.0],[2.922409,93.18049,73.31592,1.049217,-2.495511,-0.224186,-0.014044,1.204064,-0.891585,-0.017265,2.581531,-1.550714,-0.017263,2.58153,-1.550713,0.553943,-0.209959,0.644746,0.553943,-0.209962,0.644749,0.0,-0.0,-0.0,0.085668,-15.956505,-18.53535,9.304175,22.750774,-59.055885,18.246746,-30.439428,0.2701,0.000002,0.0,0.0,1.566381,8.1606,13.915233,2.728926,-3.55878,63.400166,18.911858,46.12698,-13.909237,-0.000001,-0.0,-0.000002,-25.132341,5.791226,0.506555,36.08583,-4.608658,0.546547,-11.937677,0.165685,2.592764,-4.554127,3.963351,-3.804874,0.0,-0.0,-0.0,-3.014402,-9.334808,-3.633943,53.71679,-1.934387,-1.807701,23.96508,0.542425,-9.418177,-43.79575,-12.402333,15.330933,-0.000002,0.000001,0.0],[3.057748,94.01289,75.87605,0.90212,-2.180665,-0.522881,0.054852,1.034382,-0.751041,0.11805,2.195221,-1.329601,0.11805,2.195221,-1.329602,0.591598,-0.144787,0.514136,0.591598,-0.144788,0.514137,-0.0,-0.0,0.0,0.187144,-15.697989,-18.139477,7.279225,20.214901,-58.757175,17.838419,-28.083288,0.053052,-0.0,0.0,-0.0,1.50627,8.18226,14.656908,3.862924,-4.184064,63.711826,18.92253,43.335667,-13.567115,0.000001,0.000001,-0.000002,-21.788273,6.488046,0.660645,33.41764,-5.723563,0.616606,-12.441176,0.122254,2.89057,-4.563194,3.982258,-3.810945,0.0,0.0,-0.0,-6.79514,-8.755584,-3.16021,56.15626,-2.183927,-1.437868,18.995588,0.668646,-10.684746,-42.34416,-12.81988,15.231809,-0.000004,0.0,-0.000001],[3.18402,94.80113,78.44058,0.824136,-1.703913,-0.867369,0.099121,0.835659,-0.572149,0.204502,1.766158,-1.058145,0.204503,1.766157,-1.058143,0.683329,-0.072754,0.355058,0.683339,-0.072754,0.35506,0.0,-0.0,0.0,0.151098,-15.820286,-18.214174,5.988782,18.205519,-58.192654,17.796885,-27.260508,0.113999,0.0,0.0,0.0,1.490134,7.970549,15.334733,4.58625,-4.856107,63.78379,18.73499,40.079945,-12.560749,-0.0,0.000002,-0.000001,-18.359764,7.336881,0.869673,30.30123,-7.171663,0.698748,-12.642557,0.086611,3.1731,-4.577063,4.002394,-3.820878,0.0,-0.0,-0.0,-10.351388,-8.283005,-2.594349,57.465057,-2.361769,-1.019975,13.861806,0.87508,-11.433028,-39.602966,-14.052356,15.123533,-0.000002,0.0,-0.0],[3.298626,95.55692,81.14185,0.827808,-1.032758,-1.202229,0.092118,0.609604,-0.397887,0.189176,1.292797,-0.815449,0.189176,1.292798,-0.815448,0.957761,-0.01936,0.260993,0.957761,-0.01936,0.260994,0.0,0.0,-0.0,0.195153,-15.619258,-18.200129,4.845194,16.10866,-57.582954,17.951162,-26.975643,0.191276,-0.000001,0.000001,-0.0,1.527705,7.593862,15.694378,4.719093,-5.303106,64.12097,17.941023,35.506153,-10.747351,-0.0,-0.000001,-0.000001,-14.766886,8.119036,0.942091,26.845995,-8.655603,0.809356,-12.734102,0.024777,3.796103,-4.391958,3.980383,-4.439491,-0.0,0.0,-0.000001,-13.417782,-7.846765,-2.038447,57.348866,-2.81217,-0.500809,8.945565,1.291824,-11.712386,-36.236446,-12.487136,13.850564,-0.000001,0.000002,-0.0],[3.396602,96.11386,83.656296,0.913977,-0.185276,-1.458013,0.117662,0.362235,-0.240979,0.239,0.779143,-0.603909,0.239002,0.779143,-0.603909,1.021265,0.032396,0.184697,1.021258,0.032394,0.184701,-0.0,0.0,-0.0,0.276313,-15.562456,-17.602316,3.757115,14.128508,-57.343,17.87668,-27.46107,-0.047432,0.000002,-0.000001,0.0,1.542108,7.122415,16.685234,4.890193,-6.185633,63.67264,17.461826,32.060364,-9.478218,0.000002,-0.000001,0.0,-11.699752,8.558802,0.926442,23.947374,-9.945646,0.887987,-12.76367,-0.021502,4.345677,-4.48095,3.95348,-4.958188,0.0,0.0,-0.0,-16.504482,-7.576198,-1.622185,56.466675,-3.254533,-0.089594,4.39461,1.581861,-11.546244,-31.604269,-9.986777,12.764909,0.000002,0.000001,0.0],[3.473934,96.508675,86.068,1.069112,0.775021,-1.581401,0.147934,0.110794,-0.117434,0.298205,0.254735,-0.44234,0.298201,0.254735,-0.442342,1.022915,0.080557,0.121645,1.022916,0.080556,0.121645,-0.0,-0.0,-0.0,0.23486,-15.920893,-17.316378,3.358168,12.822841,-56.580948,18.055649,-29.83485,-0.149157,-0.0,-0.000002,0.0,1.627687,6.420124,17.351454,4.579434,-6.892294,63.29957,16.779306,28.231972,-7.875822,0.000001,0.000001,0.000001,-9.073715,8.874903,0.907645,21.523176,-11.265638,0.932746,-12.572621,-0.000102,4.388868,-5.096199,3.962866,-4.926211,-0.0,0.0,-0.000001,-19.476925,-7.301385,-1.432271,54.80109,-3.771999,0.276664,0.194751,1.722494,-10.977795,-24.75371,-7.386724,12.113456,-0.000001,0.0,0.000001],[3.52965,96.78577,88.54194,1.265883,1.75934,-1.548018,0.148412,-0.125924,-0.063822,0.297678,-0.243274,-0.401585,0.297675,-0.243274,-0.401584,1.144836,0.101224,0.165899,1.144834,0.101224,0.165898,0.0,0.0,0.0,0.313529,-15.976412,-16.571514,2.664352,11.47239,-56.08151,18.10154,-32.035065,-0.35826,-0.000002,-0.000001,0.000001,1.692425,5.87442,18.00595,4.00663,-7.6459,62.837536,15.891711,23.806,-5.867149,-0.000001,-0.000002,-0.000001,-6.28602,9.179809,0.784568,18.764969,-12.607185,0.893146,-12.345069,0.029538,4.391235,-5.583678,3.971609,-4.905767,-0.0,0.0,-0.0,-21.996862,-7.011814,-1.445554,51.89926,-4.302167,0.519812,-3.02142,1.857729,-10.293934,-17.257708,-5.310777,11.040838,-0.000001,0.0,-0.0],[3.565119,96.786156,90.91344,1.469295,2.677604,-1.355265,0.175632,-0.333841,-0.029275,0.350469,-0.686916,-0.361114,0.350471,-0.686917,-0.361113,1.089266,0.141715,0.119016,1.089267,0.141714,0.119017,-0.0,-0.0,-0.0,0.247426,-16.370901,-16.461952,2.641685,10.773554,-54.87565,18.465054,-36.29916,-0.103175,0.000001,0.000001,0.0,1.778665,5.347359,18.273294,3.924464,-8.28799,62.51459,15.328422,20.52232,-4.361938,-0.0,-0.000001,-0.0,-3.907725,9.728688,0.825129,16.573135,-13.95168,0.409088,-12.408062,0.116605,4.102329,-5.916032,3.589333,-4.286321,0.0,0.0,0.000001,-24.311392,-6.595067,-1.638386,47.963745,-4.612344,0.630614,-4.539173,1.868049,-9.767881,-13.359226,-3.569409,6.989252,-0.000001,0.000001,0.0],[3.584623,96.63683,93.30354,1.646403,3.462847,-1.04177,0.208038,-0.502953,-0.044853,0.413641,-1.053433,-0.391691,0.413642,-1.053433,-0.391691,1.040256,0.167341,0.11699,1.040257,0.167341,0.11699,0.0,-0.0,0.0,0.283934,-16.503828,-15.96542,2.133429,9.823187,-54.020172,18.488934,-39.959343,0.045808,0.000001,0.0,0.0,1.782368,5.136716,19.023798,4.603932,-9.428049,61.78643,15.140482,18.894997,-3.289589,0.000001,-0.000001,0.0,-1.577132,9.99292,0.479917,14.987506,-15.337509,0.515737,-13.36207,0.05835,4.653917,-5.824282,3.983901,-4.906949,0.0,0.0,-0.0,-26.201178,-6.211239,-1.954773,43.225388,-4.724604,0.512253,-6.007554,1.804132,-9.331402,-7.636438,-2.278778,2.407269,-0.0,0.0,-0.0],[3.597079,96.32853,95.89332,1.775064,4.084846,-0.665043,0.206288,-0.632886,-0.08394,0.408655,-1.337503,-0.45379,0.408655,-1.337503,-0.45379,1.131629,0.186112,0.122441,1.131629,0.186111,0.122442,0.0,0.0,-0.0,0.462808,-15.979258,-15.343636,1.292524,8.229553,-53.259422,18.494465,-43.057045,0.082768,-0.0,0.000001,-0.000001,1.662512,5.443209,20.156984,6.514221,-11.430072,60.965218,15.282929,19.326818,-2.922367,-0.000002,0.0,0.000001,0.908032,10.584777,0.353754,13.323158,-16.725122,0.166339,-14.279091,0.06628,4.855421,-5.858467,3.988354,-4.910751,0.0,0.0,-0.0,-27.531279,-5.665097,-2.298075,38.44942,-4.826962,0.28963,-7.535842,1.8025,-8.968492,-10.07893,-2.557027,2.180642,0.0,0.0,0.000001],[3.609733,95.88565,98.41252,1.84851,4.547902,-0.273083,0.255095,-0.728338,-0.096638,0.505694,-1.553318,-0.439096,0.505695,-1.553318,-0.439096,1.072324,0.225469,0.000178,1.072337,0.22547,0.000176,0.0,-0.0,-0.0,0.374145,-16.390644,-15.432184,0.762776,7.559303,-52.011818,18.385029,-46.775467,0.509938,-0.000002,0.000001,-0.000001,1.70511,5.2463,20.125568,7.366662,-12.252878,60.66454,15.312022,18.147036,-1.457625,0.0,0.0,0.000001,3.174157,11.154946,0.263277,12.188678,-17.96869,-0.203307,-15.481139,0.071053,5.110655,-5.896246,3.993364,-4.914998,0.0,0.0,-0.0,-28.784395,-5.211517,-2.648005,33.424526,-4.691855,-0.122125,-8.934669,1.76326,-8.632608,-10.27672,-2.286522,2.343673,0.000001,-0.0,0.000001],[3.6287,95.336174,100.9897,1.874555,4.888903,0.100204,0.304095,-0.79916,-0.107768,0.603978,-1.722693,-0.389397,0.603978,-1.722693,-0.389397,1.028946,0.265695,-0.157019,1.028923,0.265695,-0.157017,0.0,-0.0,-0.0,0.286977,-16.834955,-15.451794,-0.02185,6.959619,-50.990025,18.07711,-49.90617,0.838237,0.000001,0.000001,-0.000001,1.781011,4.956437,19.790535,7.739587,-12.32878,60.411835,15.496729,15.797401,0.477483,0.000001,-0.0,-0.000001,4.834207,11.79603,0.331069,12.539644,-19.182846,-0.543172,-17.144938,0.024364,5.550077,-6.403116,4.010438,-4.886025,0.0,0.0,-0.0,-29.954618,-4.721932,-2.966478,28.434368,-4.603854,-0.608732,-10.485562,1.724331,-8.033365,-10.052149,-1.5174,1.704225,0.000003,0.0,-0.0],[3.640533,94.722725,103.66034,1.870493,5.162552,0.43645,0.344809,-0.857553,-0.132695,0.686291,-1.873174,-0.336746,0.686289,-1.873171,-0.336747,1.026912,0.29381,-0.284299,1.026914,0.293811,-0.284299,0.0,0.0,-0.0,0.389538,-16.463032,-15.210625,-1.493785,5.443972,-50.26265,17.64084,-51.742073,0.768194,-0.000002,-0.000002,-0.000001,1.792137,4.847941,20.024694,9.25275,-12.969403,60.228725,16.18716,15.681896,0.918657,0.000002,0.000001,-0.0,5.690228,12.251905,0.616671,14.747244,-20.151976,-0.843049,-19.11794,-0.099191,6.201663,-7.771242,4.040987,-4.798935,0.000001,0.0,-0.0,-31.609829,-4.177154,-3.558885,24.51599,-4.590011,-1.084965,-11.555994,1.425178,-5.205077,-12.033931,-1.773619,1.678415,0.000003,-0.0,0.0],[3.627115,94.11253,106.253136,1.856562,5.428458,0.728451,0.397076,-0.91903,-0.169015,0.792119,-2.032923,-0.290263,0.792119,-2.032923,-0.290264,1.005993,0.307756,-0.365423,1.006014,0.307756,-0.365423,-0.0,0.0,0.0,0.378469,-16.477613,-15.281821,-2.56865,4.221781,-49.241016,17.402927,-53.69489,1.299401,0.000002,0.000004,-0.000002,1.789176,4.787648,20.36024,10.577286,-13.527295,60.070263,17.100922,15.495213,1.20047,-0.000001,0.0,0.0,6.066064,12.702413,1.068313,17.773565,-21.092436,-1.097492,-20.778893,-0.253458,6.912932,-9.890323,4.067919,-4.666357,0.000001,-0.0,0.0,-32.602,-3.921679,-3.886383,19.896215,-4.594533,-1.522055,-13.165081,1.137447,-3.339476,-12.077059,-1.879083,0.936154,0.000002,0.0,0.0],[3.600833,93.48076,108.85849,1.850264,5.731744,0.976073,0.438565,-0.991644,-0.192271,0.87697,-2.217981,-0.219545,0.87697,-2.21798,-0.219545,0.981919,0.323211,-0.462008,0.981919,0.323211,-0.462007,-0.0,-0.0,0.0,0.302888,-16.776857,-15.426986,-3.502865,3.414619,-48.29285,17.232079,-55.401505,2.017012,-0.000002,0.000001,-0.000001,1.83276,4.585063,20.327274,11.495485,-13.589072,60.132084,18.097471,14.563097,1.722614,-0.0,-0.000001,-0.0,6.240132,12.809371,1.574811,21.169743,-21.704803,-1.272384,-22.072945,-0.419129,7.635374,-12.653439,4.139393,-4.566145,0.0,0.0,-0.0,-32.45392,-4.092802,-3.959753,14.084254,-3.95416,-1.75477,-15.007008,0.953423,-3.038787,-11.938058,-1.791443,0.20916,-0.000001,0.0,-0.0],[3.569324,92.73531,111.62326,1.863335,6.086686,1.164282,0.452884,-1.068728,-0.174091,0.907722,-2.432155,-0.113329,0.907722,-2.432155,-0.113329,0.894457,0.347448,-0.596133,0.894463,0.347449,-0.596134,0.0,0.0,-0.0,0.421356,-16.378359,-15.105249,-4.959998,2.092803,-48.024185,16.845272,-56.148945,2.103967,0.000003,0.000002,-0.000002,1.806656,4.732777,20.208988,13.66085,-14.395576,60.80907,19.095121,15.817697,1.095867,0.0,-0.0,-0.000001,6.342767,12.353477,2.093586,24.901218,-21.744879,-1.383378,-23.17963,-0.568389,8.260279,-16.155382,4.252907,-4.44786,0.0,0.0,-0.0,-33.696384,-4.235548,-4.362842,12.260619,-3.072016,-1.800608,-17.179121,0.229284,-0.998092,-14.283222,-1.618365,1.654864,0.0,-0.0,0.0],[3.515471,92.0794,114.280266,1.900575,6.500972,1.304677,0.480102,-1.15882,-0.142302,0.96453,-2.672388,-0.000695,0.96453,-2.672388,-0.000696,0.725192,0.373451,-0.726641,0.725192,0.373451,-0.726641,-0.0,-0.0,-0.0,0.301889,-16.743534,-15.490582,-6.034989,1.751921,-47.012066,16.659883,-57.10131,2.426795,0.0,0.000001,-0.000001,1.89416,4.381128,19.849424,14.689012,-14.411108,61.272972,20.093328,15.744634,1.323228,0.000002,-0.0,0.000001,6.51974,11.915956,2.467713,28.22695,-21.62869,-1.111621,-23.527378,-0.602724,8.491765,-20.213951,4.388758,-4.306607,0.000001,-0.0,0.0,-34.560646,-4.318216,-4.665216,10.936151,-2.251195,-1.822985,-18.22765,-0.437811,0.878559,-13.518297,-0.890669,1.707931,0.000001,0.0,0.0],[3.427748,91.41371,117.025055,1.963313,6.942416,1.365271,0.484024,-1.244973,-0.064708,0.974539,-2.920594,0.142779,0.97454,-2.920596,0.142779,0.492527,0.410218,-0.88943,0.492527,0.410219,-0.889431,0.000001,-0.0,0.0,0.145675,-17.293121,-15.85514,-6.894001,1.690034,-46.167515,16.46155,-57.65784,2.660515,-0.0,0.0,-0.0,2.006427,3.816367,19.922373,16.692245,-15.358631,61.487343,