{"joints":[{"name":"Model_Hips","offset":[0.0,96.91508,0.0],"parent_index":null,"pose_refs":[{"pose_index":0,"data_type":"PositionX"},{"pose_index":1,"data_type":"PositionY"},{"pose_index":2,"data_type":"PositionZ"},{"pose_index":3,"data_type":"RotationX"},{"pose_index":4,"data_type":"RotationY"},{"pose_index":5,"data_type":"RotationZ"}]},{"name":"Model_Spine","offset":[0.0,11.137703,-1.2899],"parent_index":0,"pose_refs":[{"pose_index":6,"data_type":"RotationX"},{"pose_index":7,"data_type":"RotationY"},{"pose_index":8,"data_type":"RotationZ"}]},{"name":"Model_Spine1","offset":[0.0,12.993942,-1.504922],"parent_index":1,"pose_refs":[{"pose_index":9,"data_type":"RotationX"},{"pose_index":10,"data_type":"RotationY"},{"pose_index":11,"data_type":"RotationZ"}]},{"name":"Model_Spine2","offset":[0.0,14.85022,-1.719911],"parent_index":2,"pose_refs":[{"pose_index":12,"data_type":"RotationX"},{"pose_index":13,"data_type":"RotationY"},{"pose_index":14,"data_type":"RotationZ"}]},{"name":"Model_Neck","offset":[0.0,16.706543,-1.934903],"parent_index":3,"pose_refs":[{"pose_index":15,"data_type":"RotationX"},{"pose_index":16,"data_type":"RotationY"},{"pose_index":17,"data_type":"RotationZ"}]},{"name":"Model_Head","offset":[0.0,10.471298,2.0021],"parent_index":4,"pose_refs":[{"pose_index":18,"data_type":"RotationX"},{"pose_index":19,"data_type":"RotationY"},{"pose_index":20,"data_type":"RotationZ"}]},{"name":"Model_HeadTop_End","offset":[0.0,20.842606,3.9851],"parent_index":5,"pose_refs":[{"pose_index":21,"data_type":"RotationX"},{"pose_index":22,"data_type":"RotationY"},{"pose_index":23,"data_type":"RotationZ"}]},{"name":"Model_LeftShoulder","offset":[7.0085,14.7686,-1.919946],"parent_index":3,"pose_refs":[{"pose_index":24,"data_type":"RotationX"},{"pose_index":25,"data_type":"RotationY"},{"pose_index":26,"data_type":"RotationZ"}]},{"name":"Model_LeftArm","offset":[14.126271,-3.718048,0.029937],"parent_index":7,"pose_refs":[{"pose_index":27,"data_type":"RotationX"},{"pose_index":28,"data_type":"RotationY"},{"pose_index":29,"data_type":"RotationZ"}]},{"name":"Model_LeftForeArm","offset":[28.2828,0.0,0.0],"parent_index":8,"pose_refs":[{"pose_index":30,"data_type":"RotationX"},{"pose_index":31,"data_type":"RotationY"},{"pose_index":32,"data_type":"RotationZ"}]},{"name":"Model_LeftHand","offset":[26.204689,0.0,0.0],"parent_index":9,"pose_refs":[{"pose_index":33,"data_type":"RotationX"},{"pose_index":34,"data_type":"RotationY"},{"pose_index":35,"data_type":"RotationZ"}]},{"name":"Model_RightShoulder","offset":[-7.0085,14.768555,-1.94984],"parent_index":3,"pose_refs":[{"pose_index":36,"data_type":"RotationX"},{"pose_index":37,"data_type":"RotationY"},{"pose_index":38,"data_type":"RotationZ"}]},{"name":"Model_RightArm","offset":[-14.126281,-3.718018,-0.029932],"parent_index":11,"pose_refs":[{"pose_index":39,"data_type":"RotationX"},{"pose_index":40,"data_type":"RotationY"},{"pose_index":41,"data_type":"RotationZ"}]},{"name":"Model_RightForeArm","offset":[-28.283798,0.0,-0.000001],"parent_index":12,"pose_refs":[{"pose_index":42,"data_type":"RotationX"},{"pose_index":43,"data_type":"RotationY"},{"pose_index":44,"data_type":"RotationZ"}]},{"name":"Model_RightHand","offset":[-26.204193,0.0,-0.000001],"parent_index":13,"pose_refs":[{"pose_index":45,"data_type":"RotationX"},{"pose_index":46,"data_type":"RotationY"},{"pose_index":47,"data_type":"RotationZ"}]},{"name":"Model_LeftUpLeg","offset":[8.3277,-6.193199,-0.4028],"parent_index":0,"pose_refs":[{"pose_index":48,"data_type":"RotationX"},{"pose_index":49,"data_type":"RotationY"},{"pose_index":50,"data_type":"RotationZ"}]},{"name":"Model_LeftLeg","offset":[0.735802,-42.10874,-0.610721],"parent_index":15,"pose_refs":[{"pose_index":51,"data_type":"RotationX"},{"pose_index":52,"data_type":"RotationY"},{"pose_index":53,"data_type":"RotationZ"}]},{"name":"Model_LeftFoot","offset":[-0.735806,-36.833748,-0.172876],"parent_index":16,"pose_refs":[{"pose_index":54,"data_type":"RotationX"},{"pose_index":55,"data_type":"RotationY"},{"pose_index":56,"data_type":"RotationZ"}]},{"name":"Model_LeftToeBase","offset":[-0.565857,-11.977769,16.297714],"parent_index":17,"pose_refs":[{"pose_index":57,"data_type":"RotationX"},{"pose_index":58,"data_type":"RotationY"},{"pose_index":59,"data_type":"RotationZ"}]},{"name":"Model_LeftToe_End","offset":[-0.111712,-0.312793,7.857784],"parent_index":18,"pose_refs":[{"pose_index":60,"data_type":"RotationX"},{"pose_index":61,"data_type":"RotationY"},{"pose_index":62,"data_type":"RotationZ"}]},{"name":"Model_RightUpLeg","offset":[-8.3277,-6.193199,-0.5165],"parent_index":0,"pose_refs":[{"pose_index":63,"data_type":"RotationX"},{"pose_index":64,"data_type":"RotationY"},{"pose_index":65,"data_type":"RotationZ"}]},{"name":"Model_RightLeg","offset":[-0.735785,-42.108738,-0.434061],"parent_index":20,"pose_refs":[{"pose_index":66,"data_type":"RotationX"},{"pose_index":67,"data_type":"RotationY"},{"pose_index":68,"data_type":"RotationZ"}]},{"name":"Model_RightFoot","offset":[0.735776,-36.833748,-0.02163],"parent_index":21,"pose_refs":[{"pose_index":69,"data_type":"RotationX"},{"pose_index":70,"data_type":"RotationY"},{"pose_index":71,"data_type":"RotationZ"}]},{"name":"Model_RightToeBase","offset":[0.565817,-11.977745,15.903093],"parent_index":22,"pose_refs":[{"pose_index":72,"data_type":"RotationX"},{"pose_index":73,"data_type":"RotationY"},{"pose_index":74,"data_type":"RotationZ"}]},{"name":"Model_RightToe_End","offset":[0.111702,-0.312791,7.811342],"parent_index":23,"pose_refs":[{"pose_index":75,"data_type":"RotationX"},{"pose_index":76,"data_type":"RotationY"},{"pose_index":77,"data_type":"RotationZ"}]}],"trajectories":{"matrices":[[0.9998221,-0.018709887,0.002386578,0.0,0.01876662,0.9994724,-0.026509155,0.0,-0.0018893355,0.026549228,0.9996457,0.0,0.191895,95.95428,0.742339,1.0],[0.9996923,-0.02476861,0.0013457317,0.0,0.024797935,0.99923766,-0.03015188,0.0,-0.0005978856,0.030175975,0.99954444,0.0,0.9539788,95.847855,0.8489337,1.0],[0.9995171,-0.031010399,-0.0019989577,0.0,0.030923007,0.99892545,-0.034520507,0.0,0.0030673044,0.034442022,0.999402,0.0,1.4255707,95.49529,1.046227,1.0],[0.9994441,-0.03323847,-0.0025820655,0.0,0.03312283,0.99879026,-0.036344692,0.0,0.0037869837,0.03623896,0.999336,0.0,1.5478159,95.0741,1.1669484,1.0],[0.9993771,-0.03528228,0.0007974943,0.0,0.035287242,0.9986649,-0.037724763,0.0,0.0005345859,0.037729405,0.99928784,0.0,1.4746932,94.7789,1.1648889,1.0],[0.99927753,-0.037913233,0.0026520172,0.0,0.037992448,0.99834406,-0.043193694,0.0,-0.0010100128,0.043263245,0.9990632,0.0,1.2614955,94.61049,1.1984407,1.0],[0.9993059,-0.036988955,0.004417241,0.0,0.03716067,0.99811685,-0.048803706,0.0,-0.002603725,0.04893398,0.9987986,0.0,0.8939742,94.48797,1.2380556,1.0],[0.99931234,-0.036767177,0.0048037423,0.0,0.03697191,0.9978805,-0.05354993,0.0,-0.0028246806,0.05369071,0.99855363,0.0,0.40908432,94.3726,1.2259134,1.0],[0.9993998,-0.03430409,0.0048338585,0.0,0.03452091,0.99783933,-0.05590115,0.0,-0.002905776,0.056034464,0.9984246,0.0,-0.198843,94.32118,1.125146,1.0],[0.9994922,-0.0315608,0.0043769083,0.0,0.03174682,0.99812454,-0.052340657,0.0,-0.0027167867,0.052453034,0.9986197,0.0,-0.9061586,94.370895,0.95571136,1.0],[0.99968517,-0.02494405,0.00271163,0.0,0.025044883,0.998553,-0.04758901,0.0,-0.0015206435,0.04764194,0.99886334,0.0,-1.7241387,94.56248,0.6899449,1.0],[0.9997954,-0.019845882,-0.0039246674,0.0,0.019653087,0.9988283,-0.044223838,0.0,0.00479773,0.044137657,0.99901396,0.0,-2.6049776,94.79389,0.47883257,1.0],[0.9998696,-0.015006475,-0.005965991,0.0,0.014762241,0.99912757,-0.039065838,0.0,0.0065470263,0.038972676,0.9992188,0.0,-3.5698261,95.02643,0.3106943,1.0],[0.9999437,-0.009407323,-0.004911899,0.0,0.009212211,0.99922234,-0.03833861,0.0,0.005268743,0.0382912,0.99925274,0.0,-4.621873,95.222206,0.22990385,1.0],[0.9999768,0.00084465754,-0.006758698,0.0,-0.0011052876,0.99925214,-0.03865183,0.0,0.006720996,0.038658403,0.9992299,0.0,-5.747847,95.535866,0.32288745,1.0],[0.99985427,0.012692606,-0.011417994,0.0,-0.013127238,0.9991595,-0.038832173,0.0,0.010915516,0.0389764,0.9991805,0.0,-6.8965697,95.93649,0.50863314,1.0],[0.99962455,0.023970086,-0.013275371,0.0,-0.024459522,0.9989775,-0.038022485,0.0,0.012350394,0.03833292,0.9991887,0.0,-8.02546,96.06957,0.8011625,1.0],[0.99912626,0.03612347,-0.021020267,0.0,-0.036868088,0.9986648,-0.036185894,0.0,0.019685041,0.036929253,0.999124,0.0,-9.110699,96.00206,0.96887827,1.0],[0.9986623,0.039982233,-0.032788347,0.0,-0.041196603,0.9984569,-0.03723752,0.0,0.031248914,0.038538475,0.9987684,0.0,-10.060849,95.81881,1.0672582,1.0],[0.9986678,0.03526662,-0.037668496,0.0,-0.036635872,0.99866915,-0.03630028,0.0,0.03633818,0.037631936,0.99863076,0.0,-10.850161,95.41673,0.9880088,1.0],[0.99886644,0.02853404,-0.03810064,0.0,-0.030006178,0.9988025,-0.038642272,0.0,0.036952395,0.039741725,0.99852645,0.0,-11.493581,94.87665,0.8785398,1.0],[0.9988467,0.02376366,-0.041719448,0.0,-0.02553247,0.9987748,-0.04238978,0.0,0.040660996,0.04340609,0.99822974,0.0,-11.656404,94.462715,0.76702744,1.0],[0.99897337,0.020201935,-0.04054686,0.0,-0.021983238,0.9987906,-0.04397795,0.0,0.039609384,0.04482415,0.99820936,0.0,-11.144219,94.71205,0.6863704,1.0],[0.9992054,0.016820524,-0.03613398,0.0,-0.018063292,0.9992467,-0.034346793,0.0,0.03552903,0.034972202,0.9987565,0.0,-10.222761,95.03959,0.5185218,1.0],[0.999516,0.01572833,-0.026839577,0.0,-0.016340638,0.9996077,-0.02274892,0.0,0.026471242,0.023176486,0.9993809,0.0,-9.062569,95.45173,0.29438275,1.0],[0.9997371,0.013098574,-0.018819084,0.0,-0.013395633,0.99978626,-0.015746614,0.0,0.018608803,0.01599457,0.9996989,0.0,-7.7919106,95.6716,0.14748968,1.0],[0.9997417,0.009165042,-0.020798597,0.0,-0.009294932,0.99993783,-0.0061570364,0.0,0.020740874,0.006348768,0.99976474,0.0,-6.545567,96.05471,0.04716736,1.0],[0.99969304,0.0043269247,-0.024394829,0.0,-0.0043246895,0.99999064,0.00014438626,0.0,0.024395224,-0.00003884188,0.9997024,0.0,-5.3046904,96.16554,0.20980015,1.0],[0.99978477,-0.004191896,-0.020318108,0.0,0.004193931,0.9999912,0.000057563993,0.0,0.020317687,-0.00014276436,0.9997936,0.0,-3.962647,96.32977,0.48436597,1.0],[0.9998532,-0.012420039,-0.011805914,0.0,0.012370407,0.99991435,-0.0042677517,0.0,0.011857908,0.0041210814,0.9999212,0.0,-2.448456,96.48211,0.590194,1.0],[0.99974126,-0.02186598,0.006271084,0.0,0.021916894,0.9997264,-0.008168462,0.0,-0.0060907565,0.00830379,0.99994695,0.0,-0.6605279,96.474174,0.42782632,1.0],[0.99923235,-0.029021805,0.026315209,0.0,0.029459001,0.9994317,-0.016381176,0.0,-0.025824845,0.017143821,0.99951947,0.0,1.3509351,96.20039,0.041917738,1.0],[0.9982513,-0.03876199,0.044630155,0.0,0.039728902,0.9989901,-0.020985479,0.0,-0.043771647,0.022721888,0.9987831,0.0,3.3360076,95.808624,-0.48033738,1.0],[0.996768,-0.05076692,0.062259555,0.0,0.05259085,0.9982231,-0.0280144,0.0,-0.060726725,0.03119814,0.9976668,0.0,4.988018,95.16337,-0.95484793,1.0],[0.9954673,-0.055140357,0.077487774,0.0,0.057923812,0.997737,-0.034143332,0.0,-0.075429745,0.038476963,0.99640846,0.0,5.9367447,94.72637,-1.215251,1.0],[0.9957065,-0.05105995,0.0772106,0.0,0.05370332,0.99802613,-0.032554816,0.0,-0.07539595,0.036561508,0.99648315,0.0,5.865729,94.64849,-1.2016022,1.0],[0.9968748,-0.04027813,0.06795825,0.0,0.042329133,0.9986823,-0.029014703,0.0,-0.06670004,0.03180064,0.9972662,0.0,4.771208,95.11352,-1.093004,1.0],[0.9977795,-0.02997951,0.059475157,0.0,0.031446677,0.99921995,-0.023887686,0.0,-0.05871262,0.025704939,0.99794394,0.0,3.0068092,95.50252,-0.882445,1.0],[0.99818975,-0.020087635,0.056689844,0.0,0.021301793,0.9995547,-0.020895142,0.0,-0.056244865,0.022064913,0.9981732,0.0,0.88486826,95.82133,-0.5601041,1.0],[0.9987206,-0.008102803,0.049915608,0.0,0.009226175,0.9997084,-0.022316296,0.0,-0.049720224,0.022748273,0.9985041,0.0,-1.2882205,95.944695,-0.24969807,1.0],[0.999118,0.0042380015,0.041776575,0.0,-0.0033573357,0.9997711,-0.021128045,0.0,-0.041856557,0.02096915,0.9989036,0.0,-3.197444,96.00809,0.10530776,1.0],[0.9993818,0.016045084,0.03128337,0.0,-0.015457253,0.9997011,-0.018942673,0.0,-0.03157796,0.018447407,0.99933106,0.0,-4.7708774,96.19229,0.26611698,1.0],[0.9994044,0.021103723,0.027304448,0.0,-0.020553852,0.99958336,-0.020264849,0.0,-0.027720734,0.019691568,0.9994217,0.0,-6.1192174,96.268585,0.28050756,1.0],[0.9994639,0.02407751,0.02218558,0.0,-0.023572901,0.9994636,-0.022732463,0.0,-0.02272102,0.022197299,0.9994954,0.0,-7.2764635,96.178474,0.09183349,1.0],[0.999712,0.021765979,0.0101086795,0.0,-0.021504084,0.99944776,-0.02533164,0.0,-0.010654466,0.025106968,0.999628,0.0,-8.224075,95.88154,-0.2821562,1.0],[0.9997995,0.017147513,-0.010339795,0.0,-0.017434472,0.9994465,-0.028332604,0.0,0.009848237,0.028507194,0.9995451,0.0,-8.980291,95.72137,-0.5921992,1.0],[0.9991519,0.014034085,-0.038711134,0.0,-0.015333489,0.9993219,-0.033476587,0.0,0.038215067,0.034041774,0.99868953,0.0,-9.575683,95.35353,-0.73777556,1.0],[0.9980731,0.01543148,-0.06009912,0.0,-0.017532663,0.99924767,-0.034593027,0.0,0.059520084,0.035580065,0.9975928,0.0,-10.032065,95.13345,-0.9213796,1.0],[0.99716485,0.015059022,-0.07372605,0.0,-0.017542569,0.99929625,-0.033155303,0.0,0.07317489,0.034354646,0.9967272,0.0,-10.313075,95.04472,-1.041757,1.0],[0.9962308,0.013070171,-0.08575227,0.0,-0.015689505,0.99942845,-0.029942855,0.0,0.0853119,0.031175405,0.9958664,0.0,-10.376451,95.1849,-0.8649984,1.0],[0.9952772,0.011109035,-0.09643544,0.0,-0.0139321,0.9994924,-0.028650308,0.0,0.09606822,0.029858546,0.9949268,0.0,-10.0903225,95.24957,-0.32552192,1.0],[0.9943669,0.013092332,-0.105181396,0.0,-0.015964458,0.999521,-0.02651102,0.0,0.10478392,0.028040843,0.9940996,0.0,-9.513124,95.54212,0.38844922,1.0],[0.9948576,0.0123743825,-0.10052469,0.0,-0.014710324,0.99963796,-0.02252955,0.0,0.1002095,0.023892444,0.99467945,0.0,-8.666283,95.79814,1.1070178,1.0],[0.995476,0.015042746,-0.09381477,0.0,-0.017466484,0.9995332,-0.02506793,0.0,0.093393885,0.026593138,0.995274,0.0,-7.6459904,96.25711,1.761263,1.0],[0.9970964,0.013871806,-0.074875236,0.0,-0.015832068,0.9995456,-0.025650622,0.0,0.07448539,0.026761575,0.99686295,0.0,-6.464557,96.36444,2.1561205,1.0],[0.99824923,0.015563887,-0.057063196,0.0,-0.01692468,0.99958193,-0.023441892,0.0,0.05667449,0.024366628,0.99809533,0.0,-5.214625,96.44338,2.3603535,1.0],[0.9993841,0.006353133,-0.03451236,0.0,-0.0072296592,0.9996529,-0.025332326,0.0,0.03433944,0.025566237,0.99908316,0.0,-3.872092,96.44382,2.373311,1.0],[0.9998965,-0.0016058242,-0.014297188,0.0,0.0012848467,0.9997476,-0.02243134,0.0,0.0143296,0.02241065,0.9996461,0.0,-2.5649185,96.28294,2.0592525,1.0],[0.9999436,-0.00804726,-0.006926043,0.0,0.0078905765,0.99971884,-0.022360072,0.0,0.0071040327,0.022304162,0.999726,0.0,-1.3479568,96.15974,1.565937,1.0],[0.99854493,0.05040761,0.019160092,0.0,-0.052947566,0.98383474,0.17107236,0.0,-0.010227015,-0.17183793,0.98507214,0.0,-0.231702,93.72711,1.647629,1.0],[0.9972058,0.06443645,0.03779649,0.0,-0.07115719,0.9733567,0.21797562,0.0,-0.022743894,-0.22005603,0.97522205,0.0,0.31935504,99.55433,39.111477,1.0],[0.99624467,0.07260048,-0.047178138,0.0,-0.059760574,0.9708607,0.23207358,0.0,0.06265205,-0.22838268,0.97155344,0.0,-0.09618953,93.362564,77.32874,1.0],[0.9875775,-0.03583733,-0.15299131,0.0,0.07907455,0.9547221,0.28679773,0.0,0.13578613,-0.2953327,0.9456959,0.0,0.6124189,99.81519,114.80569,1.0],[0.7309653,0.0014556609,0.68241304,0.0,0.05182898,0.996991,-0.057643194,0.0,-0.6804436,0.07750395,0.7286904,0.0,-0.295571,91.08451,0.141207,1.0],[0.92240036,0.003050737,0.38622308,0.0,-0.16669452,0.9051871,0.39095953,0.0,-0.34841144,-0.4250025,0.8354534,0.0,0.71039253,79.623215,1.2929456,1.0],[0.9708162,-0.05318206,0.2338537,0.0,-0.06710933,0.8759061,0.47779164,0.0,-0.23024383,-0.47954163,0.8467748,0.0,-1.9625258,78.51359,27.960558,1.0],[0.99283934,-0.053990386,-0.10656015,0.0,0.10143874,0.85215414,0.5133649,0.0,0.0630889,-0.52049816,0.8515289,0.0,-4.7852263,78.9557,58.829487,1.0],[0.90621376,0.27780896,-0.31874567,0.0,-0.17900962,0.93504393,0.3060202,0.0,0.38305634,-0.22026117,0.8970802,0.0,0.492126,83.78883,3.225641,1.0],[0.91866577,0.16859853,-0.35725024,0.0,-0.05029488,0.9469083,0.31754538,0.0,0.39182094,-0.27375022,0.8783719,0.0,4.3323693,86.92131,69.259605,1.0],[0.9937411,0.04087678,0.103960454,0.0,-0.037855703,0.9988063,-0.030869588,0.0,-0.1050982,0.026740883,0.99410224,0.0,2.2743452,84.48526,130.91943,1.0],[0.8997927,0.20878866,0.38311943,0.0,-0.14144579,0.9702374,-0.19655153,0.0,-0.4127545,0.122664995,0.90254474,0.0,-0.17440878,81.828514,193.51033,1.0],[0.84182096,0.2730866,0.46557626,0.0,-0.09734069,0.92523396,-0.36669734,0.0,-0.5309071,0.263374,0.8054638,0.0,-4.4964247,75.63317,250.03146,1.0],[0.4714486,0.30707332,0.82670563,0.0,0.10796169,0.91027397,-0.39968187,0.0,-0.8752603,0.277682,0.39599526,0.0,-7.8435106,71.07337,298.01794,1.0],[-0.33749354,0.2184006,0.9156415,0.0,0.13116917,0.97413385,-0.18400505,0.0,-0.9321442,0.05800341,-0.35741138,0.0,-12.591811,73.21706,338.2909,1.0],[-0.7338666,0.14551274,0.6635255,0.0,0.097676165,0.9892409,-0.10891202,0.0,-0.6722347,-0.015116248,-0.74018395,0.0,-18.025892,83.5451,358.27362,1.0],[-0.8595723,0.073181756,0.5057473,0.0,0.024138123,0.9944024,-0.102864936,0.0,-0.51044416,-0.07621203,-0.8565272,0.0,-17.550282,92.19591,361.82288,1.0],[-0.9107901,0.017076984,0.41251618,0.0,-0.009016411,0.9980833,-0.06122502,0.0,-0.41277105,-0.05948256,-0.90889037,0.0,-17.929794,93.45469,365.39432,1.0],[-0.9494858,-0.02456977,0.31284702,0.0,-0.028688261,0.9995517,-0.008567572,0.0,-0.31249624,-0.017109822,-0.94976497,0.0,-24.977982,93.091805,366.28464,1.0],[-0.9819814,-0.06421051,0.17773415,0.0,-0.06405417,0.99792445,0.0066235606,0.0,-0.17779057,-0.0048803994,-0.98405623,0.0,-30.37416,92.35674,368.5824,1.0],[-0.9727833,-0.05442618,0.22523458,0.0,-0.05025842,0.998443,0.024200935,0.0,-0.22620104,0.012222331,-0.97400415,0.0,-31.485443,92.00218,367.95758,1.0],[0.9717772,-0.054610744,0.22949229,0.0,-0.02163656,0.9481009,0.31723255,0.0,-0.23490615,-0.31324476,0.9201613,0.0,-0.362531,89.42203,1.947935,1.0],[0.99597466,0.06660979,-0.05998045,0.0,-0.046620138,0.9564758,0.2880636,0.0,0.0765577,-0.28410774,0.955731,0.0,-1.6345366,91.64506,88.914185,1.0],[0.9641188,-0.26428002,-0.025121469,0.0,0.2583828,0.91244256,0.31731197,0.0,-0.060937304,-0.31241736,0.9479884,0.0,0.28697944,90.23565,173.31403,1.0],[0.90624046,-0.27800623,0.31849775,0.0,0.17909461,0.93488854,0.30644506,0.0,-0.3829535,-0.22067167,0.8970232,0.0,-0.489803,83.78532,3.224041,1.0],[0.9188472,-0.16834188,0.3569045,0.0,0.050139494,0.9469151,0.31754977,0.0,-0.39141518,-0.2738847,0.8785109,0.0,-4.331676,86.94579,69.25617,1.0],[0.99374384,-0.04065634,-0.10402064,0.0,0.0376239,0.99881256,-0.030950982,0.0,0.10515547,0.026843686,0.9940934,0.0,-2.2792442,84.477036,130.91219,1.0],[0.899719,-0.20903237,-0.3831595,0.0,0.14172573,0.97020674,-0.19650115,0.0,0.412819,0.12249227,0.9025387,0.0,0.1669638,81.821526,193.52618,1.0],[0.84170306,-0.2729092,-0.46589327,0.0,0.0971783,0.92533904,-0.3664751,0.0,0.53112364,0.26318854,0.8053816,0.0,4.4950824,75.65344,250.01756,1.0],[0.4714083,-0.30682617,-0.8268204,0.0,-0.10800464,0.91038597,-0.3994151,0.0,0.8752767,0.27758804,0.39602488,0.0,7.8406014,71.08141,298.0137,1.0],[-0.33748674,-0.21897563,-0.9155066,0.0,-0.13129663,0.9740101,-0.18456842,0.0,0.93212867,0.057913527,-0.35746634,0.0,12.639644,73.27726,338.31592,1.0],[-0.7339119,-0.14542896,-0.66349375,0.0,-0.097528,0.98925114,-0.10895177,0.0,0.67220664,-0.015251771,-0.7402066,0.0,18.025206,83.55906,358.27246,1.0],[-0.85952735,-0.07341063,-0.5057902,0.0,-0.024308112,0.99438256,-0.10301658,0.0,0.51051146,-0.076250754,-0.85648346,0.0,17.574665,92.192986,361.8046,1.0],[-0.9107535,-0.017273473,-0.4125894,0.0,0.008833198,0.99808127,-0.061284162,0.0,0.41285637,-0.05945924,-0.9088534,0.0,17.953833,93.44587,365.37073,1.0],[-0.94947445,0.02438401,-0.3128957,0.0,0.02851323,0.9995562,-0.008627146,0.0,0.31254646,-0.017112922,-0.9497483,0.0,24.98508,93.08692,366.28394,1.0],[-0.9819716,0.06436227,-0.17773424,0.0,0.064199775,0.9979148,0.0066712527,0.0,0.17779301,-0.0048595173,-0.9840561,0.0,30.376198,92.36283,368.58392,1.0],[-0.97277594,0.054532617,-0.22524047,0.0,0.05035966,0.99843705,0.0242351,0.0,0.22621003,0.012232289,-0.97400177,0.0,31.48687,92.0077,367.95874,1.0],[0.8199885,0.09172071,-0.5649834,0.0,-0.08784554,0.99554944,0.034125198,0.0,0.5655989,0.021649,0.8243963,0.0,0.97053,84.15206,0.875033,1.0],[0.7273575,0.03421859,-0.68540514,0.0,-0.044139836,0.99902076,0.00303418,0.0,0.6848378,0.028046735,0.7281556,0.0,0.26437178,93.12396,33.206234,1.0],[0.7483631,0.08341397,-0.6580234,0.0,-0.07542403,0.99632794,0.040520012,0.0,0.658987,0.019307094,0.75190645,0.0,-1.2334775,87.89187,67.53186,1.0],[0.8430224,0.14551261,-0.51782167,0.0,-0.13610107,0.98909,0.056368493,0.0,0.52037454,0.02295618,0.85362947,0.0,-0.42596737,88.90068,98.56332,1.0]],"offsets":[0,59,63,67,80,83,96,100],"interval":0.1667},"poses":{"poses":[[0.191895,95.95428,0.742339,-1.52134,-0.108251,-1.075313,0.968056,-0.127227,0.023446,1.020917,-2.478266,0.146191,1.015813,-2.474655,0.189377,-2.75013,0.880339,-1.4275,-2.767889,0.838613,-1.453772,-0.000001,0.0,0.0,-0.356743,7.381304,-0.457863,2.460131,-24.54341,-70.534676,-0.000007,-29.295044,-0.000001,0.000001,0.000002,-0.000001,0.994796,2.418258,-3.714709,-2.712707,25.49458,74.91499,0.000017,27.09603,-0.000008,0.000002,-0.0,0.0,-8.179986,4.167462,2.367418,23.693005,9.330631,0.93019,-13.658808,2.818191,-3.727248,-0.464202,-0.000006,0.000001,0.0,-0.000002,-0.0,-8.55999,-13.510053,-6.0654,18.781704,-4.117475,-1.372705,-7.832805,-4.532835,6.660898,-0.000023,-0.000001,0.000003,0.0,-0.000001,0.0],[0.280411,95.93693,0.721681,-1.53284,-0.117623,-1.12491,0.98757,-0.119925,0.018429,1.057125,-2.469146,0.140261,1.052307,-2.46554,0.184186,-2.737768,0.869343,-1.402611,-2.755558,0.828769,-1.428353,-0.0,0.0,-0.0,-0.351099,7.310141,-0.438756,2.422261,-24.625422,-70.56007,0.00002,-29.285286,0.00003,-0.000001,0.000001,-0.000001,1.019476,2.547978,-3.635944,-2.708939,25.542934,74.84905,0.000012,27.130054,-0.000015,0.000002,0.000002,-0.000001,-8.269217,4.189038,2.378411,23.885962,9.304122,0.90472,-13.766119,2.826884,-3.661728,-0.453959,0.000003,0.000001,0.0,-0.000002,-0.0,-8.586016,-13.560104,-6.075989,18.803719,-4.129225,-1.401402,-7.805869,-4.468846,6.7289,-0.000024,-0.000006,-0.000001,0.0,-0.000001,0.0],[0.36746,95.92098,0.706933,-1.544313,-0.12369,-1.17279,1.005585,-0.112424,0.012862,1.090837,-2.458689,0.133591,1.086331,-2.455101,0.178215,-2.719586,0.858653,-1.378089,-2.737428,0.81919,-1.403294,-0.0,0.0,-0.0,-0.347687,7.241341,-0.3965,2.381475,-24.672192,-70.60812,0.000015,-29.273006,-0.000007,-0.0,0.0,-0.000001,1.041381,2.663771,-3.569398,-2.709004,25.573141,74.8006,0.000015,27.15604,-0.000015,0.000001,-0.0,0.0,-8.347229,4.211378,2.389357,24.063591,9.271689,0.877323,-13.869199,2.83669,-3.59442,-0.445727,0.000004,0.000002,0.0,-0.000001,-0.0,-8.60189,-13.609588,-6.085684,18.814835,-4.145903,-1.430309,-7.777905,-4.404644,6.79787,-0.000042,-0.000001,-0.000003,0.0,-0.000001,0.0],[0.453333,95.90643,0.697109,-1.556391,-0.127349,-1.218968,1.022456,-0.104846,0.006956,1.122669,-2.447225,0.126332,1.118492,-2.443657,0.171632,-2.696453,0.848538,-1.354664,-2.714311,0.810114,-1.379331,0.0,-0.0,-0.0,-0.345477,7.203729,-0.372725,2.356456,-24.698673,-70.626755,0.000011,-29.258898,0.000016,0.0,0.000001,0.0,1.056416,2.745045,-3.527781,-2.714575,25.607965,74.790245,-0.000011,27.173853,0.000025,-0.0,0.000002,-0.000001,-8.414401,4.233368,2.399807,24.22697,9.234948,0.847981,-13.96801,2.847981,-3.525377,-0.439673,-0.000001,-0.000001,0.0,-0.000002,-0.0,-8.607705,-13.657645,-6.094567,18.814861,-4.166918,-1.459356,-7.748004,-4.340531,6.867643,-0.000103,-0.000002,-0.000003,0.0,-0.000001,0.0],[0.53721,95.894646,0.694852,-1.570959,-0.128167,-1.261717,1.03783,-0.097371,0.000713,1.152103,-2.434466,0.118244,1.148283,-2.430926,0.164211,-2.665845,0.840058,-1.334942,-2.683743,0.802494,-1.359111,0.0,0.0,0.0,-0.343836,7.179552,-0.357072,2.339398,-24.712683,-70.63223,-0.000012,-29.24354,-0.000027,-0.000002,0.000002,-0.000001,1.068334,2.810027,-3.498029,-2.721728,25.64406,74.79805,0.000014,27.188318,-0.000002,-0.0,-0.000001,-0.0,-8.460441,4.252389,2.408273,24.363308,9.193518,0.814966,-14.057689,2.862866,-3.453489,-0.439529,-0.000007,-0.0,0.0,-0.0,-0.0,-8.595276,-13.70099,-6.102238,18.795513,-4.19507,-1.488567,-7.713926,-4.277561,6.938648,-0.000047,-0.000013,-0.000002,0.0,-0.000001,0.0],[0.614017,95.891884,0.720465,-1.591767,-0.116921,-1.293255,1.047208,-0.089858,-0.007188,1.171784,-2.416464,0.106957,1.168415,-2.412982,0.153511,-2.609015,0.836067,-1.325154,-2.626914,0.798821,-1.34895,-0.0,0.0,-0.000001,-0.342593,7.16714,-0.350659,2.331231,-24.713324,-70.6232,-0.000002,-29.22672,-0.000014,-0.000001,0.000001,-0.000001,1.07742,2.859353,-3.479058,-2.728946,25.682133,74.82302,-0.000016,27.20061,0.000018,0.000003,0.0,-0.000001,-8.440947,4.264869,2.41157,24.418257,9.13106,0.770221,-14.122974,2.889167,-3.372932,-0.446647,0.000003,0.000002,0.0,-0.000001,-0.0,-8.521034,-13.731656,-6.105416,18.709953,-4.248382,-1.518463,-7.667041,-4.217041,7.014504,-0.000072,0.000004,0.000001,0.0,0.000001,0.0],[0.687669,95.88876,0.746454,-1.615745,-0.104386,-1.320749,1.057277,-0.082823,-0.015705,1.192767,-2.399687,0.094549,1.189893,-2.396272,0.141761,-2.548789,0.833576,-1.319648,-2.566685,0.796474,-1.343119,-0.0,-0.0,0.0,-0.341489,7.162119,-0.352786,2.331799,-24.700218,-70.60104,-0.000014,-29.208197,-0.000012,-0.000001,-0.000001,0.000001,1.08442,2.896055,-3.468226,-2.733888,25.722248,74.86153,0.000018,27.212622,-0.000014,-0.000001,-0.000003,0.000002,-8.415146,4.257072,2.411405,24.470814,9.084735,0.719921,-14.18641,2.915046,-3.29511,-0.454509,0.000004,0.000001,0.0,-0.000001,-0.0,-8.44807,-13.758344,-6.111902,18.635262,-4.294659,-1.547241,-7.627205,-4.167293,7.087783,0.000004,0.000011,-0.000005,0.0,-0.000002,0.0],[0.758307,95.88394,0.772595,-1.64232,-0.090088,-1.345586,1.068002,-0.075908,-0.025122,1.214972,-2.383567,0.08085,1.212648,-2.380219,0.128781,-2.484438,0.831701,-1.316151,-2.502309,0.794663,-1.339317,-0.0,-0.0,-0.0,-0.340192,7.157643,-0.360846,2.339938,-24.672655,-70.56967,-0.000009,-29.187765,-0.000014,0.0,0.000002,0.000001,1.090521,2.925469,-3.460741,-2.733707,25.763502,74.907616,0.000008,27.226852,0.00002,-0.000001,0.000001,-0.0,-8.38892,4.221634,2.407632,24.53231,9.062468,0.665069,-14.253519,2.939975,-3.223194,-0.462995,0.000001,-0.0,-0.0,-0.000002,-0.0,-8.381568,-13.780652,-6.121278,18.58156,-4.331462,-1.575272,-7.599525,-4.131685,7.158782,-0.000054,0.000001,0.0,0.0,-0.000001,0.0],[0.826126,95.87617,0.79859,-1.67067,-0.073684,-1.369474,1.079321,-0.068738,-0.035639,1.23824,-2.367496,0.065748,1.236527,-2.364209,0.114448,-2.415304,0.82947,-1.312022,-2.433162,0.792508,-1.334863,-0.0,0.0,-0.0,-0.338439,7.145291,-0.370283,2.353471,-24.629438,-70.536026,0.000004,-29.165178,-0.000024,-0.000002,-0.000001,0.000001,1.09718,2.954243,-3.451942,-2.725263,25.803728,74.95379,-0.00002,27.245716,0.000024,-0.000001,-0.000003,-0.0,-8.368691,4.153664,2.400546,24.613974,9.070243,0.607382,-14.329626,2.963152,-3.160257,-0.471421,0.000006,-0.000002,0.0,-0.000001,-0.0,-8.32647,-13.79856,-6.132803,18.557877,-4.357557,-1.602806,-7.588445,-4.11202,7.227851,0.000002,0.000006,0.000002,0.0,0.000001,0.0],[0.891293,95.86433,0.824132,-1.699908,-0.055037,-1.394109,1.091121,-0.060966,-0.047446,1.262346,-2.350904,0.049221,1.261306,-2.34766,0.09872,-2.340876,0.825916,-1.304556,-2.358701,0.789131,-1.327002,-0.0,0.0,0.0,-0.33601,7.116298,-0.374969,2.369708,-24.568596,-70.50861,0.000007,-29.140194,0.000032,-0.000002,0.000002,-0.000002,1.105905,2.989572,-3.43649,-2.705656,25.839685,74.99259,0.000012,27.271511,0.000003,0.000002,-0.0,-0.000002,-8.35958,4.051944,2.390732,24.724033,9.110917,0.549063,-14.418717,2.983799,-3.10871,-0.478455,0.000001,-0.000001,-0.0,-0.000001,0.0,-8.287642,-13.812508,-6.145747,18.572716,-4.372757,-1.630034,-7.598212,-4.108245,7.29532,-0.000072,-0.000004,-0.000002,0.0,-0.000002,0.000001],[0.953977,95.847855,0.848933,-1.729218,-0.034257,-1.420962,1.103284,-0.052323,-0.060581,1.287008,-2.333349,0.031335,1.286702,-2.330132,0.081651,-2.260845,0.820196,-1.291328,-2.278678,0.783784,-1.313302,0.0,0.0,0.0,-0.332823,7.062802,-0.36834,2.385693,-24.487663,-70.497215,-0.000016,-29.11266,-0.000022,-0.000001,0.0,-0.0,1.118069,3.038183,-3.409361,-2.672574,25.867407,75.01721,0.000014,27.305805,0.000042,0.000001,-0.0,-0.0,-8.365839,3.919316,2.379254,24.868177,9.183336,0.492513,-14.523458,3.001243,-3.070092,-0.485295,0.000015,-0.000001,0.0,-0.000001,-0.0,-8.267537,-13.823838,-6.159235,18.629261,-4.378104,-1.657093,-7.630197,-4.118361,7.361439,-0.000036,-0.000001,-0.000004,0.000001,0.000001,0.0],[1.014208,95.82647,0.872785,-1.75798,-0.011724,-1.450927,1.115679,-0.04265,-0.075051,1.311915,-2.314584,0.012251,1.312406,-2.311364,0.063383,-2.175157,0.811705,-1.270472,-2.192986,0.775915,-1.291857,-0.0,0.0,0.0,-0.328867,6.979137,-0.344317,2.398973,-24.384232,-70.51038,-0.000018,-29.08243,-0.000029,0.0,0.000002,-0.0,1.134724,3.105394,-3.367847,-2.624623,25.882906,75.02257,-0.000016,27.34933,0.000006,0.000003,0.000003,-0.000002,-8.389719,3.762688,2.367197,25.048494,9.282386,0.439989,-14.644822,3.015218,-3.044677,-0.491348,0.000003,-0.000002,0.0,-0.0,0.0,-8.267474,-13.834742,-6.172684,18.72829,-4.374276,-1.684253,-7.684687,-4.139055,7.426225,-0.00006,-0.000016,-0.000002,0.0,-0.000001,0.0],[1.071955,95.800354,0.89557,-1.785826,0.011967,-1.484367,1.128164,-0.031924,-0.09069,1.336741,-2.294605,-0.007793,1.338094,-2.291361,0.044145,-2.084016,0.800147,-1.240928,-2.101887,0.765259,-1.261616,-0.0,0.0,-0.0,-0.324135,6.862653,-0.29841,2.407809,-24.256882,-70.554634,-0.000012,-29.049671,-0.000025,-0.000001,-0.000001,0.000001,1.156476,3.194744,-3.310151,-2.561562,25.882586,75.00578,-0.000009,27.401974,0.000033,0.000001,0.0,-0.000001,-8.431526,3.591972,2.355942,25.263285,9.399566,0.393243,-14.78209,3.025928,-3.031502,-0.495513,0.00001,-0.000001,0.0,-0.000001,-0.0,-8.286999,-13.847946,-6.185731,18.867167,-4.362455,-1.711817,-7.760243,-4.16632,7.489645,-0.000049,-0.000009,0.000002,0.000001,-0.000001,0.0],[1.127113,95.770035,0.917272,-1.812646,0.036094,-1.521015,1.140587,-0.020264,-0.107249,1.361179,-2.273658,-0.028494,1.363439,-2.270358,0.02423,-1.987899,0.785555,-1.202565,-2.00582,0.751856,-1.222436,-0.0,0.0,-0.0,-0.318588,6.714036,-0.228633,2.411503,-24.10584,-70.63349,0.000006,-29.014662,0.000006,0.0,-0.000003,0.000002,1.183417,3.307663,-3.235931,-2.484156,25.864323,74.96599,0.000014,27.462772,0.000038,0.0,-0.000002,0.0,-8.489619,3.418586,2.346678,25.507524,9.524338,0.353436,-14.932899,3.03405,-3.028481,-0.49653,-0.000004,0.000001,0.0,-0.000001,-0.0,-8.324869,-13.866284,-6.198332,19.04179,-4.343275,-1.740468,-7.85473,-4.19619,7.551689,-0.000028,-0.000002,0.000002,0.0,0.000001,0.0],[1.179491,95.73616,0.937957,-1.838471,0.059928,-1.56001,1.152806,-0.007919,-0.124394,1.384942,-2.252229,-0.049523,1.388136,-2.248853,0.003958,-1.887489,0.768299,-1.156171,-1.905476,0.736034,-1.175119,0.0,0.0,0.0,-0.312154,6.537209,-0.136111,2.410629,-23.933529,-70.74626,-0.000005,-28.978065,-0.000026,-0.0,-0.000002,0.0,1.215236,3.443676,-3.146756,-2.394244,25.82738,74.90431,0.000025,27.530325,0.0,0.0,0.000001,-0.000002,-8.561538,3.253611,2.340461,25.775232,9.645695,0.320878,-15.094575,3.040754,-3.032858,-0.494872,-0.000006,-0.000002,-0.0,-0.000002,-0.0,-8.378286,-13.891995,-6.210762,19.245125,-4.317251,-1.770614,-7.964498,-4.225228,7.612131,-0.000055,0.000003,-0.000004,0.0,0.000003,0.0],[1.228926,95.69938,0.957723,-1.863421,0.082854,-1.600128,1.164672,0.004764,-0.141743,1.407774,-2.230981,-0.070562,1.411913,-2.227518,-0.016353,-1.783643,0.749013,-1.103341,-1.801707,0.718372,-1.1213,-0.0,0.0,-0.0,-0.304734,6.33877,-0.02458,2.406818,-23.744766,-70.888535,-0.000019,-28.940685,-0.000024,-0.000001,-0.000002,0.000002,1.251255,3.600641,-3.044903,-2.294219,25.773014,74.82326,0.000007,27.602882,0.000001,-0.000001,-0.000003,0.000001,-8.644238,3.106132,2.337874,26.059523,9.754125,0.295226,-15.263936,3.047314,-3.041608,-0.490993,-0.000001,-0.000003,-0.0,0.0,-0.0,-8.445576,-13.925788,-6.223904,19.473017,-4.285494,-1.802352,-8.087428,-4.25128,7.670843,-0.000082,0.000004,-0.000002,0.0,-0.000001,0.0],[1.275264,95.66066,0.97669,-1.887552,0.104448,-1.639949,1.176047,0.017379,-0.15895,1.429443,-2.210693,-0.091342,1.434526,-2.207153,-0.03643,-1.677289,0.728507,-1.046228,-1.695475,0.699595,-1.063154,0.0,0.0,0.0,-0.296268,6.126958,0.099696,2.402365,-23.546438,-71.05296,-0.000014,-28.903444,0.000022,0.000002,-0.0,0.000001,1.29065,3.77534,-2.933188,-2.186696,25.703995,74.725716,0.000005,27.678812,0.000013,0.000001,0.0,-0.000001,-8.733899,2.982237,2.339118,26.352377,9.842703,0.27542,-15.437228,3.054907,-3.051797,-0.485489,0.000013,0.000001,-0.0,-0.000001,-0.0,-8.523478,-13.966809,-6.238326,19.718292,-4.249576,-1.835438,-8.219824,-4.273036,7.727583,-0.000075,0.000008,-0.000002,0.0,0.000001,0.000001],[1.318271,95.620415,0.994962,-1.910831,0.124503,-1.678078,1.186777,0.029507,-0.175659,1.449763,-2.192157,-0.11168,1.455767,-2.18855,-0.056088,-1.569348,0.707671,-0.98726,-1.58764,0.680514,-1.003154,-0.0,0.0,-0.0,-0.286796,5.910543,0.229099,2.399997,-23.346733,-71.22976,-0.000011,-28.86745,-0.000026,0.000002,0.0,0.0,1.332563,3.964087,-2.814255,-2.074093,25.624472,74.61454,0.000023,27.756851,0.000004,0.000002,0.0,-0.000001,-8.828858,2.884664,2.344083,26.65026,9.907596,0.260098,-15.61281,3.064392,-3.061354,-0.47903,0.000015,0.000001,0.0,0.000001,-0.0,-8.610486,-14.012126,-6.254771,19.977867,-4.21212,-1.869321,-8.36016,-4.29042,7.782302,-0.000068,0.000006,0.000003,0.0,0.000001,0.0],[1.357781,95.5792,1.012616,-1.933116,0.142998,-1.713304,1.196727,0.04076,-0.191654,1.468571,-2.176092,-0.1315,1.475458,-2.172458,-0.075255,-1.460654,0.687345,-0.928818,-1.479072,0.661886,-0.943697,-0.0,0.0,0.0,-0.276464,5.697709,0.355597,2.402378,-23.154264,-71.40837,-0.000004,-28.833563,-0.000014,0.000001,0.000002,-0.0,1.376271,4.163241,-2.690671,-1.958276,25.53914,74.49175,0.000008,27.836197,-0.000005,0.000002,0.000001,-0.000002,-8.926196,2.813466,2.352302,26.94701,9.947995,0.247819,-15.787564,3.076022,-3.068711,-0.471869,0.000005,-0.000001,-0.0,-0.000002,0.0,-8.70466,-14.057532,-6.273619,20.24797,-4.176686,-1.903155,-8.506417,-4.303901,7.835086,-0.000017,0.000006,0.000001,0.0,0.000001,0.0],[1.393588,95.53739,1.029702,-1.954185,0.160037,-1.744811,1.205751,0.050828,-0.206767,1.485737,-2.163052,-0.150861,1.493465,-2.159435,-0.093985,-1.351886,0.668235,-0.872921,-1.370401,0.64436,-0.886816,-0.0,-0.0,-0.0,-0.265504,5.494945,0.471917,2.411713,-22.976965,-71.57886,-0.000002,-28.802555,0.000001,-0.000001,-0.000002,0.000001,1.421278,4.369745,-2.563836,-1.84035,25.452888,74.35829,0.000001,27.91675,0.000011,0.000001,0.000003,-0.000001,-9.024856,2.766725,2.363337,27.240463,9.965241,0.23722,-15.960501,3.08952,-3.073187,-0.464787,0.000004,0.000001,-0.0,0.0,-0.0,-8.805589,-14.098045,-6.294998,20.528324,-4.14711,-1.935982,-8.658525,-4.314325,7.886058,0.000003,0.000015,-0.000005,0.0,-0.0,0.0],[1.425569,95.49529,1.046226,-1.973781,0.175743,-1.772047,1.213718,0.059507,-0.221058,1.501152,-2.153364,-0.169942,1.509672,-2.149824,-0.11246,-1.243528,0.650851,-0.821009,-1.262148,0.628386,-0.834008,0.0,-0.0,0.0,-0.254198,5.306421,0.572487,2.429553,-22.82104,-71.73307,-0.000026,-28.77484,-0.000022,-0.000001,0.000002,-0.000001,1.467362,4.581467,-2.434578,-1.720627,25.370047,74.21379,0.000022,27.999022,-0.000028,0.000001,0.000002,-0.000002,-9.123899,2.741665,2.376723,27.528378,9.961985,0.227353,-16.13022,3.104207,-3.074737,-0.458608,0.000018,-0.0,0.0,0.0,-0.0,-8.910593,-14.129178,-6.318342,20.813828,-4.127721,-1.966822,-8.813697,-4.322119,7.935403,-0.00002,0.000023,-0.000003,0.0,0.000001,0.0],[1.453541,95.45302,1.062174,-1.991681,0.190193,-1.794999,1.22053,0.066715,-0.234595,1.514749,-2.147084,-0.189033,1.524017,-2.143689,-0.13097,-1.135872,0.63545,-0.773799,-1.154579,0.614216,-0.78599,-0.0,-0.0,-0.0,-0.242778,5.133535,0.654145,2.456586,-22.690367,-71.86581,0.000024,-28.75046,0.000042,-0.000002,-0.000002,0.000001,1.51455,4.797345,-2.302575,-1.598599,25.293995,74.05662,0.000037,28.084087,-0.000039,0.000001,0.000001,-0.000001,-9.223372,2.735347,2.392338,27.810661,9.941148,0.217659,-16.29663,3.119261,-3.073807,-0.453802,0.000002,-0.000002,0.0,0.000001,-0.0,-9.019854,-14.147245,-6.343116,21.105488,-4.12174,-1.994925,-8.972533,-4.32746,7.983304,-0.000027,-0.000001,0.000002,-0.0,-0.000001,0.0],[1.477453,95.4108,1.07751,-2.007738,0.203327,-1.813898,1.22612,0.072495,-0.247612,1.526492,-2.143998,-0.208478,1.536477,-2.140819,-0.149873,-1.029029,0.622053,-0.731294,-1.047801,0.60187,-0.74273,-0.0,0.0,-0.000001,-0.231385,4.974931,0.716287,2.492735,-22.585852,-71.97455,-0.000019,-28.729109,-0.000036,-0.000001,-0.000003,0.000001,1.563071,5.01733,-2.166935,-1.473432,25.227114,73.884544,-0.000013,28.173235,-0.000003,0.000003,0.000003,-0.0,-9.322665,2.745298,2.410073,28.085941,9.905496,0.208094,-16.458878,3.133779,-3.070961,-0.450177,0.000013,-0.000001,0.0,0.0,-0.0,-9.131713,-14.150402,-6.368377,21.400099,-4.131712,-2.019757,-9.13327,-4.329689,8.02987,-0.000049,0.000004,0.000002,-0.0,0.000001,0.0],[1.497295,95.36858,1.09216,-2.02191,0.214929,-1.829307,1.230463,0.077006,-0.260404,1.536401,-2.143643,-0.228649,1.547092,-2.140741,-0.169537,-0.923003,0.610477,-0.692839,-0.941815,0.591196,-0.703614,0.0,0.0,0.000001,-0.220034,4.826974,0.761144,2.537035,-22.50568,-72.06058,-0.000009,-28.710232,-0.000036,-0.0,-0.000001,-0.0,1.613257,5.242173,-2.026524,-1.344086,25.170424,73.69486,-0.000007,28.267864,0.000018,0.000003,-0.000001,0.0,-9.422142,2.769484,2.430097,28.35486,9.857412,0.198954,-16.617195,3.147179,-3.067021,-0.447784,0.0,-0.0,-0.0,-0.000002,-0.0,-9.246519,-14.138538,-6.393516,21.698519,-4.158562,-2.041253,-9.296343,-4.32775,8.075329,-0.000027,-0.000001,0.000004,0.0,-0.000001,0.0],[1.513238,95.32633,1.106039,-2.034232,0.224633,-1.841968,1.233608,0.080494,-0.273256,1.544559,-2.145363,-0.249861,1.555963,-2.142799,-0.190293,-0.817745,0.600385,-0.657335,-0.836609,0.581895,-0.667481,0.0,0.0,0.0,-0.208628,4.684259,0.792744,2.58786,-22.44542,-72.12768,0.000018,-28.69302,0.000007,0.0,-0.000001,0.0,1.665409,5.473018,-1.880054,-1.209871,25.124065,73.48551,-0.000001,28.369028,-0.000012,0.000005,-0.000002,0.000001,-9.522499,2.806244,2.45261,28.619041,9.798781,0.190801,-16.772394,3.159132,-3.062793,-0.446271,0.000004,-0.000003,0.0,0.0,-0.0,-9.363211,-14.113432,-6.417684,21.998178,-4.201799,-2.059617,-9.460305,-4.320127,8.119716,-0.000033,0.00002,-0.000004,-0.0,-0.000001,0.0],[1.525525,95.28407,1.119054,-2.044823,0.231954,-1.852626,1.235668,0.083259,-0.286469,1.55112,-2.148398,-0.272329,1.563276,-2.146209,-0.212349,-0.713251,0.591389,-0.623488,-0.73215,0.573623,-0.633071,-0.0,0.0,-0.0,-0.196967,4.540685,0.816563,2.642951,-22.398949,-72.18174,-0.000018,-28.67668,-0.000011,-0.000003,-0.0,0.0,1.719682,5.710893,-1.726431,-1.070699,25.087643,73.25494,-0.000003,28.4772,-0.000007,0.000001,0.000001,-0.0,-9.623888,2.853999,2.477633,28.87903,9.731794,0.184332,-16.924646,3.169539,-3.059095,-0.445427,0.000005,-0.000001,0.0,0.0,-0.0,-9.482263,-14.078044,-6.440618,22.299517,-4.259492,-2.075394,-9.625256,-4.305542,8.163074,-0.000003,0.000006,0.0,0.0,0.000001,0.0],[1.534634,95.24181,1.131095,-2.053815,0.236371,-1.862054,1.236845,0.085619,-0.300221,1.556332,-2.151964,-0.296093,1.569291,-2.150169,-0.235759,-0.609624,0.583101,-0.590078,-0.628562,0.566041,-0.599119,-0.0,-0.0,-0.0,-0.184839,4.390266,0.838636,2.699747,-22.359182,-72.22963,-0.000003,-28.660416,-0.000018,0.000002,0.000001,-0.000001,1.775975,5.956255,-1.565681,-0.927509,25.060593,73.00358,0.000019,28.59214,-0.000022,-0.000001,0.000001,-0.000001,-9.726322,2.910746,2.504912,29.135153,9.658748,0.180157,-17.07411,3.178482,-3.056505,-0.444958,-0.000007,-0.0,0.0,-0.000002,-0.0,-9.603027,-14.036318,-6.462001,22.600365,-4.328092,-2.089272,-9.78993,-4.283251,8.205306,-0.000028,-0.000001,0.000002,-0.0,0.000002,0.0],[1.540976,95.19952,1.142035,-2.061362,0.237386,-1.870938,1.237404,0.087863,-0.314555,1.560512,-2.155355,-0.321011,1.574346,-2.153956,-0.260364,-0.507118,0.575227,-0.556203,-0.52607,0.558883,-0.564752,-0.0,-0.0,-0.