{
  "joints": [
    {
      "name": "Model_Hips",
      "offset": [
        0.0,
        96.91508,
        0.0
      ],
      "parent_index": null,
      "pose_refs": [
        {
          "pose_index": 0,
          "data_type": "PositionX"
        },
        {
          "pose_index": 1,
          "data_type": "PositionY"
        },
        {
          "pose_index": 2,
          "data_type": "PositionZ"
        },
        {
          "pose_index": 3,
          "data_type": "RotationX"
        },
        {
          "pose_index": 4,
          "data_type": "RotationY"
        },
        {
          "pose_index": 5,
          "data_type": "RotationZ"
        }
      ]
    },
    {
      "name": "Model_Spine",
      "offset": [
        0.0,
        11.137703,
        -1.2899
      ],
      "parent_index": 0,
      "pose_refs": [
        {
          "pose_index": 6,
          "data_type": "RotationX"
        },
        {
          "pose_index": 7,
          "data_type": "RotationY"
        },
        {
          "pose_index": 8,
          "data_type": "RotationZ"
        }
      ]
    },
    {
      "name": "Model_Spine1",
      "offset": [
        0.0,
        12.993942,
        -1.504922
      ],
      "parent_index": 1,
      "pose_refs": [
        {
          "pose_index": 9,
          "data_type": "RotationX"
        },
        {
          "pose_index": 10,
          "data_type": "RotationY"
        },
        {
          "pose_index": 11,
          "data_type": "RotationZ"
        }
      ]
    },
    {
      "name": "Model_Spine2",
      "offset": [
        0.0,
        14.85022,
        -1.719911
      ],
      "parent_index": 2,
      "pose_refs": [
        {
          "pose_index": 12,
          "data_type": "RotationX"
        },
        {
          "pose_index": 13,
          "data_type": "RotationY"
        },
        {
          "pose_index": 14,
          "data_type": "RotationZ"
        }
      ]
    },
    {
      "name": "Model_Neck",
      "offset": [
        0.0,
        16.706543,
        -1.934903
      ],
      "parent_index": 3,
      "pose_refs": [
        {
          "pose_index": 15,
          "data_type": "RotationX"
        },
        {
          "pose_index": 16,
          "data_type": "RotationY"
        },
        {
          "pose_index": 17,
          "data_type": "RotationZ"
        }
      ]
    },
    {
      "name": "Model_Head",
      "offset": [
        0.0,
        10.471298,
        2.0021
      ],
      "parent_index": 4,
      "pose_refs": [
        {
          "pose_index": 18,
          "data_type": "RotationX"
        },
        {
          "pose_index": 19,
          "data_type": "RotationY"
        },
        {
          "pose_index": 20,
          "data_type": "RotationZ"
        }
      ]
    },
    {
      "name": "Model_HeadTop_End",
      "offset": [
        0.0,
        20.842606,
        3.9851
      ],
      "parent_index": 5,
      "pose_refs": [
        {
          "pose_index": 21,
          "data_type": "RotationX"
        },
        {
          "pose_index": 22,
          "data_type": "RotationY"
        },
        {
          "pose_index": 23,
          "data_type": "RotationZ"
        }
      ]
    },
    {
      "name": "Model_LeftShoulder",
      "offset": [
        7.0085,
        14.7686,
        -1.919946
      ],
      "parent_index": 3,
      "pose_refs": [
        {
          "pose_index": 24,
          "data_type": "RotationX"
        },
        {
          "pose_index": 25,
          "data_type": "RotationY"
        },
        {
          "pose_index": 26,
          "data_type": "RotationZ"
        }
      ]
    },
    {
      "name": "Model_LeftArm",
      "offset": [
        14.126271,
        -3.718048,
        0.029937
      ],
      "parent_index": 7,
      "pose_refs": [
        {
          "pose_index": 27,
          "data_type": "RotationX"
        },
        {
          "pose_index": 28,
          "data_type": "RotationY"
        },
        {
          "pose_index": 29,
          "data_type": "RotationZ"
        }
      ]
    },
    {
      "name": "Model_LeftForeArm",
      "offset": [
        28.2828,
        0.0,
        0.0
      ],
      "parent_index": 8,
      "pose_refs": [
        {
          "pose_index": 30,
          "data_type": "RotationX"
        },
        {
          "pose_index": 31,
          "data_type": "RotationY"
        },
        {
          "pose_index": 32,
          "data_type": "RotationZ"
        }
      ]
    },
    {
      "name": "Model_LeftHand",
      "offset": [
        26.204689,
        0.0,
        0.0
      ],
      "parent_index": 9,
      "pose_refs": [
        {
          "pose_index": 33,
          "data_type": "RotationX"
        },
        {
          "pose_index": 34,
          "data_type": "RotationY"
        },
        {
          "pose_index": 35,
          "data_type": "RotationZ"
        }
      ]
    },
    {
      "name": "Model_RightShoulder",
      "offset": [
        -7.0085,
        14.768555,
        -1.94984
      ],
      "parent_index": 3,
      "pose_refs": [
        {
          "pose_index": 36,
          "data_type": "RotationX"
        },
        {
          "pose_index": 37,
          "data_type": "RotationY"
        },
        {
          "pose_index": 38,
          "data_type": "RotationZ"
        }
      ]
    },
    {
      "name": "Model_RightArm",
      "offset": [
        -14.126281,
        -3.718018,
        -0.029932
      ],
      "parent_index": 11,
      "pose_refs": [
        {
          "pose_index": 39,
          "data_type": "RotationX"
        },
        {
          "pose_index": 40,
          "data_type": "RotationY"
        },
        {
          "pose_index": 41,
          "data_type": "RotationZ"
        }
      ]
    },
    {
      "name": "Model_RightForeArm",
      "offset": [
        -28.283798,
        0.0,
        -0.000001
      ],
      "parent_index": 12,
      "pose_refs": [
        {
          "pose_index": 42,
          "data_type": "RotationX"
        },
        {
          "pose_index": 43,
          "data_type": "RotationY"
        },
        {
          "pose_index": 44,
          "data_type": "RotationZ"
        }
      ]
    },
    {
      "name": "Model_RightHand",
      "offset": [
        -26.204193,
        0.0,
        -0.000001
      ],
      "parent_index": 13,
      "pose_refs": [
        {
          "pose_index": 45,
          "data_type": "RotationX"
        },
        {
          "pose_index": 46,
          "data_type": "RotationY"
        },
        {
          "pose_index": 47,
          "data_type": "RotationZ"
        }
      ]
    },
    {
      "name": "Model_LeftUpLeg",
      "offset": [
        8.3277,
        -6.193199,
        -0.4028
      ],
      "parent_index": 0,
      "pose_refs": [
        {
          "pose_index": 48,
          "data_type": "RotationX"
        },
        {
          "pose_index": 49,
          "data_type": "RotationY"
        },
        {
          "pose_index": 50,
          "data_type": "RotationZ"
        }
      ]
    },
    {
      "name": "Model_LeftLeg",
      "offset": [
        0.735802,
        -42.10874,
        -0.610721
      ],
      "parent_index": 15,
      "pose_refs": [
        {
          "pose_index": 51,
          "data_type": "RotationX"
        },
        {
          "pose_index": 52,
          "data_type": "RotationY"
        },
        {
          "pose_index": 53,
          "data_type": "RotationZ"
        }
      ]
    },
    {
      "name": "Model_LeftFoot",
      "offset": [
        -0.735806,
        -36.833748,
        -0.172876
      ],
      "parent_index": 16,
      "pose_refs": [
        {
          "pose_index": 54,
          "data_type": "RotationX"
        },
        {
          "pose_index": 55,
          "data_type": "RotationY"
        },
        {
          "pose_index": 56,
          "data_type": "RotationZ"
        }
      ]
    },
    {
      "name": "Model_LeftToeBase",
      "offset": [
        -0.565857,
        -11.977769,
        16.297714
      ],
      "parent_index": 17,
      "pose_refs": [
        {
          "pose_index": 57,
          "data_type": "RotationX"
        },
        {
          "pose_index": 58,
          "data_type": "RotationY"
        },
        {
          "pose_index": 59,
          "data_type": "RotationZ"
        }
      ]
    },
    {
      "name": "Model_LeftToe_End",
      "offset": [
        -0.111712,
        -0.312793,
        7.857784
      ],
      "parent_index": 18,
      "pose_refs": [
        {
          "pose_index": 60,
          "data_type": "RotationX"
        },
        {
          "pose_index": 61,
          "data_type": "RotationY"
        },
        {
          "pose_index": 62,
          "data_type": "RotationZ"
        }
      ]
    },
    {
      "name": "Model_RightUpLeg",
      "offset": [
        -8.3277,
        -6.193199,
        -0.5165
      ],
      "parent_index": 0,
      "pose_refs": [
        {
          "pose_index": 63,
          "data_type": "RotationX"
        },
        {
          "pose_index": 64,
          "data_type": "RotationY"
        },
        {
          "pose_index": 65,
          "data_type": "RotationZ"
        }
      ]
    },
    {
      "name": "Model_RightLeg",
      "offset": [
        -0.735785,
        -42.108738,
        -0.434061
      ],
      "parent_index": 20,
      "pose_refs": [
        {
          "pose_index": 66,
          "data_type": "RotationX"
        },
        {
          "pose_index": 67,
          "data_type": "RotationY"
        },
        {
          "pose_index": 68,
          "data_type": "RotationZ"
        }
      ]
    },
    {
      "name": "Model_RightFoot",
      "offset": [
        0.735776,
        -36.833748,
        -0.02163
      ],
      "parent_index": 21,
      "pose_refs": [
        {
          "pose_index": 69,
          "data_type": "RotationX"
        },
        {
          "pose_index": 70,
          "data_type": "RotationY"
        },
        {
          "pose_index": 71,
          "data_type": "RotationZ"
        }
      ]
    },
    {
      "name": "Model_RightToeBase",
      "offset": [
        0.565817,
        -11.977745,
        15.903093
      ],
      "parent_index": 22,
      "pose_refs": [
        {
          "pose_index": 72,
          "data_type": "RotationX"
        },
        {
          "pose_index": 73,
          "data_type": "RotationY"
        },
        {
          "pose_index": 74,
          "data_type": "RotationZ"
        }
      ]
    },
    {
      "name": "Model_RightToe_End",
      "offset": [
        0.111702,
        -0.312791,
        7.811342
      ],
      "parent_index": 23,
      "pose_refs": [
        {
          "pose_index": 75,
          "data_type": "RotationX"
        },
        {
          "pose_index": 76,
          "data_type": "RotationY"
        },
        {
          "pose_index": 77,
          "data_type": "RotationZ"
        }
      ]
    }
  ],
  "trajectories": {
    "matrices": [
      [
        0.9998221,
        -0.018709887,
        0.002386578,
        0.0,
        0.01876662,
        0.9994724,
        -0.026509155,
        0.0,
        -0.0018893355,
        0.026549228,
        0.9996457,
        0.0,
        0.191895,
        95.95428,
        0.742339,
        1.0
      ],
      [
        0.9996923,
        -0.02476861,
        0.0013457317,
        0.0,
        0.024797935,
        0.99923766,
        -0.03015188,
        0.0,
        -0.0005978856,
        0.030175975,
        0.99954444,
        0.0,
        0.9539788,
        95.847855,
        0.8489337,
        1.0
      ],
      [
        0.9995171,
        -0.031010399,
        -0.0019989577,
        0.0,
        0.030923007,
        0.99892545,
        -0.034520507,
        0.0,
        0.0030673044,
        0.034442022,
        0.999402,
        0.0,
        1.4255707,
        95.49529,
        1.046227,
        1.0
      ],
      [
        0.9994441,
        -0.03323847,
        -0.0025820655,
        0.0,
        0.03312283,
        0.99879026,
        -0.036344692,
        0.0,
        0.0037869837,
        0.03623896,
        0.999336,
        0.0,
        1.5478159,
        95.0741,
        1.1669484,
        1.0
      ],
      [
        0.9993771,
        -0.03528228,
        0.0007974943,
        0.0,
        0.035287242,
        0.9986649,
        -0.037724763,
        0.0,
        0.0005345859,
        0.037729405,
        0.99928784,
        0.0,
        1.4746932,
        94.7789,
        1.1648889,
        1.0
      ],
      [
        0.99927753,
        -0.037913233,
        0.0026520172,
        0.0,
        0.037992448,
        0.99834406,
        -0.043193694,
        0.0,
        -0.0010100128,
        0.043263245,
        0.9990632,
        0.0,
        1.2614955,
        94.61049,
        1.1984407,
        1.0
      ],
      [
        0.9993059,
        -0.036988955,
        0.004417241,
        0.0,
        0.03716067,
        0.99811685,
        -0.048803706,
        0.0,
        -0.002603725,
        0.04893398,
        0.9987986,
        0.0,
        0.8939742,
        94.48797,
        1.2380556,
        1.0
      ],
      [
        0.99931234,
        -0.036767177,
        0.0048037423,
        0.0,
        0.03697191,
        0.9978805,
        -0.05354993,
        0.0,
        -0.0028246806,
        0.05369071,
        0.99855363,
        0.0,
        0.40908432,
        94.3726,
        1.2259134,
        1.0
      ],
      [
        0.9993998,
        -0.03430409,
        0.0048338585,
        0.0,
        0.03452091,
        0.99783933,
        -0.05590115,
        0.0,
        -0.002905776,
        0.056034464,
        0.9984246,
        0.0,
        -0.198843,
        94.32118,
        1.125146,
        1.0
      ],
      [
        0.9994922,
        -0.0315608,
        0.0043769083,
        0.0,
        0.03174682,
        0.99812454,
        -0.052340657,
        0.0,
        -0.0027167867,
        0.052453034,
        0.9986197,
        0.0,
        -0.9061586,
        94.370895,
        0.95571136,
        1.0
      ],
      [
        0.99968517,
        -0.02494405,
        0.00271163,
        0.0,
        0.025044883,
        0.998553,
        -0.04758901,
        0.0,
        -0.0015206435,
        0.04764194,
        0.99886334,
        0.0,
        -1.7241387,
        94.56248,
        0.6899449,
        1.0
      ],
      [
        0.9997954,
        -0.019845882,
        -0.0039246674,
        0.0,
        0.019653087,
        0.9988283,
        -0.044223838,
        0.0,
        0.00479773,
        0.044137657,
        0.99901396,
        0.0,
        -2.6049776,
        94.79389,
        0.47883257,
        1.0
      ],
      [
        0.9998696,
        -0.015006475,
        -0.005965991,
        0.0,
        0.014762241,
        0.99912757,
        -0.039065838,
        0.0,
        0.0065470263,
        0.038972676,
        0.9992188,
        0.0,
        -3.5698261,
        95.02643,
        0.3106943,
        1.0
      ],
      [
        0.9999437,
        -0.009407323,
        -0.004911899,
        0.0,
        0.009212211,
        0.99922234,
        -0.03833861,
        0.0,
        0.005268743,
        0.0382912,
        0.99925274,
        0.0,
        -4.621873,
        95.222206,
        0.22990385,
        1.0
      ],
      [
        0.9999768,
        0.00084465754,
        -0.006758698,
        0.0,
        -0.0011052876,
        0.99925214,
        -0.03865183,
        0.0,
        0.006720996,
        0.038658403,
        0.9992299,
        0.0,
        -5.747847,
        95.535866,
        0.32288745,
        1.0
      ],
      [
        0.99985427,
        0.012692606,
        -0.011417994,
        0.0,
        -0.013127238,
        0.9991595,
        -0.038832173,
        0.0,
        0.010915516,
        0.0389764,
        0.9991805,
        0.0,
        -6.8965697,
        95.93649,
        0.50863314,
        1.0
      ],
      [
        0.99962455,
        0.023970086,
        -0.013275371,
        0.0,
        -0.024459522,
        0.9989775,
        -0.038022485,
        0.0,
        0.012350394,
        0.03833292,
        0.9991887,
        0.0,
        -8.02546,
        96.06957,
        0.8011625,
        1.0
      ],
      [
        0.99912626,
        0.03612347,
        -0.021020267,
        0.0,
        -0.036868088,
        0.9986648,
        -0.036185894,
        0.0,
        0.019685041,
        0.036929253,
        0.999124,
        0.0,
        -9.110699,
        96.00206,
        0.96887827,
        1.0
      ],
      [
        0.9986623,
        0.039982233,
        -0.032788347,
        0.0,
        -0.041196603,
        0.9984569,
        -0.03723752,
        0.0,
        0.031248914,
        0.038538475,
        0.9987684,
        0.0,
        -10.060849,
        95.81881,
        1.0672582,
        1.0
      ],
      [
        0.9986678,
        0.03526662,
        -0.037668496,
        0.0,
        -0.036635872,
        0.99866915,
        -0.03630028,
        0.0,
        0.03633818,
        0.037631936,
        0.99863076,
        0.0,
        -10.850161,
        95.41673,
        0.9880088,
        1.0
      ],
      [
        0.99886644,
        0.02853404,
        -0.03810064,
        0.0,
        -0.030006178,
        0.9988025,
        -0.038642272,
        0.0,
        0.036952395,
        0.039741725,
        0.99852645,
        0.0,
        -11.493581,
        94.87665,
        0.8785398,
        1.0
      ],
      [
        0.9988467,
        0.02376366,
        -0.041719448,
        0.0,
        -0.02553247,
        0.9987748,
        -0.04238978,
        0.0,
        0.040660996,
        0.04340609,
        0.99822974,
        0.0,
        -11.656404,
        94.462715,
        0.76702744,
        1.0
      ],
      [
        0.99897337,
        0.020201935,
        -0.04054686,
        0.0,
        -0.021983238,
        0.9987906,
        -0.04397795,
        0.0,
        0.039609384,
        0.04482415,
        0.99820936,
        0.0,
        -11.144219,
        94.71205,
        0.6863704,
        1.0
      ],
      [
        0.9992054,
        0.016820524,
        -0.03613398,
        0.0,
        -0.018063292,
        0.9992467,
        -0.034346793,
        0.0,
        0.03552903,
        0.034972202,
        0.9987565,
        0.0,
        -10.222761,
        95.03959,
        0.5185218,
        1.0
      ],
      [
        0.999516,
        0.01572833,
        -0.026839577,
        0.0,
        -0.016340638,
        0.9996077,
        -0.02274892,
        0.0,
        0.026471242,
        0.023176486,
        0.9993809,
        0.0,
        -9.062569,
        95.45173,
        0.29438275,
        1.0
      ],
      [
        0.9997371,
        0.013098574,
        -0.018819084,
        0.0,
        -0.013395633,
        0.99978626,
        -0.015746614,
        0.0,
        0.018608803,
        0.01599457,
        0.9996989,
        0.0,
        -7.7919106,
        95.6716,
        0.14748968,
        1.0
      ],
      [
        0.9997417,
        0.009165042,
        -0.020798597,
        0.0,
        -0.009294932,
        0.99993783,
        -0.0061570364,
        0.0,
        0.020740874,
        0.006348768,
        0.99976474,
        0.0,
        -6.545567,
        96.05471,
        0.04716736,
        1.0
      ],
      [
        0.99969304,
        0.0043269247,
        -0.024394829,
        0.0,
        -0.0043246895,
        0.99999064,
        0.00014438626,
        0.0,
        0.024395224,
        -0.00003884188,
        0.9997024,
        0.0,
        -5.3046904,
        96.16554,
        0.20980015,
        1.0
      ],
      [
        0.99978477,
        -0.004191896,
        -0.020318108,
        0.0,
        0.004193931,
        0.9999912,
        0.000057563993,
        0.0,
        0.020317687,
        -0.00014276436,
        0.9997936,
        0.0,
        -3.962647,
        96.32977,
        0.48436597,
        1.0
      ],
      [
        0.9998532,
        -0.012420039,
        -0.011805914,
        0.0,
        0.012370407,
        0.99991435,
        -0.0042677517,
        0.0,
        0.011857908,
        0.0041210814,
        0.9999212,
        0.0,
        -2.448456,
        96.48211,
        0.590194,
        1.0
      ],
      [
        0.99974126,
        -0.02186598,
        0.006271084,
        0.0,
        0.021916894,
        0.9997264,
        -0.008168462,
        0.0,
        -0.0060907565,
        0.00830379,
        0.99994695,
        0.0,
        -0.6605279,
        96.474174,
        0.42782632,
        1.0
      ],
      [
        0.99923235,
        -0.029021805,
        0.026315209,
        0.0,
        0.029459001,
        0.9994317,
        -0.016381176,
        0.0,
        -0.025824845,
        0.017143821,
        0.99951947,
        0.0,
        1.3509351,
        96.20039,
        0.041917738,
        1.0
      ],
      [
        0.9982513,
        -0.03876199,
        0.044630155,
        0.0,
        0.039728902,
        0.9989901,
        -0.020985479,
        0.0,
        -0.043771647,
        0.022721888,
        0.9987831,
        0.0,
        3.3360076,
        95.808624,
        -0.48033738,
        1.0
      ],
      [
        0.996768,
        -0.05076692,
        0.062259555,
        0.0,
        0.05259085,
        0.9982231,
        -0.0280144,
        0.0,
        -0.060726725,
        0.03119814,
        0.9976668,
        0.0,
        4.988018,
        95.16337,
        -0.95484793,
        1.0
      ],
      [
        0.9954673,
        -0.055140357,
        0.077487774,
        0.0,
        0.057923812,
        0.997737,
        -0.034143332,
        0.0,
        -0.075429745,
        0.038476963,
        0.99640846,
        0.0,
        5.9367447,
        94.72637,
        -1.215251,
        1.0
      ],
      [
        0.9957065,
        -0.05105995,
        0.0772106,
        0.0,
        0.05370332,
        0.99802613,
        -0.032554816,
        0.0,
        -0.07539595,
        0.036561508,
        0.99648315,
        0.0,
        5.865729,
        94.64849,
        -1.2016022,
        1.0
      ],
      [
        0.9968748,
        -0.04027813,
        0.06795825,
        0.0,
        0.042329133,
        0.9986823,
        -0.029014703,
        0.0,
        -0.06670004,
        0.03180064,
        0.9972662,
        0.0,
        4.771208,
        95.11352,
        -1.093004,
        1.0
      ],
      [
        0.9977795,
        -0.02997951,
        0.059475157,
        0.0,
        0.031446677,
        0.99921995,
        -0.023887686,
        0.0,
        -0.05871262,
        0.025704939,
        0.99794394,
        0.0,
        3.0068092,
        95.50252,
        -0.882445,
        1.0
      ],
      [
        0.99818975,
        -0.020087635,
        0.056689844,
        0.0,
        0.021301793,
        0.9995547,
        -0.020895142,
        0.0,
        -0.056244865,
        0.022064913,
        0.9981732,
        0.0,
        0.88486826,
        95.82133,
        -0.5601041,
        1.0
      ],
      [
        0.9987206,
        -0.008102803,
        0.049915608,
        0.0,
        0.009226175,
        0.9997084,
        -0.022316296,
        0.0,
        -0.049720224,
        0.022748273,
        0.9985041,
        0.0,
        -1.2882205,
        95.944695,
        -0.24969807,
        1.0
      ],
      [
        0.999118,
        0.0042380015,
        0.041776575,
        0.0,
        -0.0033573357,
        0.9997711,
        -0.021128045,
        0.0,
        -0.041856557,
        0.02096915,
        0.9989036,
        0.0,
        -3.197444,
        96.00809,
        0.10530776,
        1.0
      ],
      [
        0.9993818,
        0.016045084,
        0.03128337,
        0.0,
        -0.015457253,
        0.9997011,
        -0.018942673,
        0.0,
        -0.03157796,
        0.018447407,
        0.99933106,
        0.0,
        -4.7708774,
        96.19229,
        0.26611698,
        1.0
      ],
      [
        0.9994044,
        0.021103723,
        0.027304448,
        0.0,
        -0.020553852,
        0.99958336,
        -0.020264849,
        0.0,
        -0.027720734,
        0.019691568,
        0.9994217,
        0.0,
        -6.1192174,
        96.268585,
        0.28050756,
        1.0
      ],
      [
        0.9994639,
        0.02407751,
        0.02218558,
        0.0,
        -0.023572901,
        0.9994636,
        -0.022732463,
        0.0,
        -0.02272102,
        0.022197299,
        0.9994954,
        0.0,
        -7.2764635,
        96.178474,
        0.09183349,
        1.0
      ],
      [
        0.999712,
        0.021765979,
        0.0101086795,
        0.0,
        -0.021504084,
        0.99944776,
        -0.02533164,
        0.0,
        -0.010654466,
        0.025106968,
        0.999628,
        0.0,
        -8.224075,
        95.88154,
        -0.2821562,
        1.0
      ],
      [
        0.9997995,
        0.017147513,
        -0.010339795,
        0.0,
        -0.017434472,
        0.9994465,
        -0.028332604,
        0.0,
        0.009848237,
        0.028507194,
        0.9995451,
        0.0,
        -8.980291,
        95.72137,
        -0.5921992,
        1.0
      ],
      [
        0.9991519,
        0.014034085,
        -0.038711134,
        0.0,
        -0.015333489,
        0.9993219,
        -0.033476587,
        0.0,
        0.038215067,
        0.034041774,
        0.99868953,
        0.0,
        -9.575683,
        95.35353,
        -0.73777556,
        1.0
      ],
      [
        0.9980731,
        0.01543148,
        -0.06009912,
        0.0,
        -0.017532663,
        0.99924767,
        -0.034593027,
        0.0,
        0.059520084,
        0.035580065,
        0.9975928,
        0.0,
        -10.032065,
        95.13345,
        -0.9213796,
        1.0
      ],
      [
        0.99716485,
        0.015059022,
        -0.07372605,
        0.0,
        -0.017542569,
        0.99929625,
        -0.033155303,
        0.0,
        0.07317489,
        0.034354646,
        0.9967272,
        0.0,
        -10.313075,
        95.04472,
        -1.041757,
        1.0
      ],
      [
        0.9962308,
        0.013070171,
        -0.08575227,
        0.0,
        -0.015689505,
        0.99942845,
        -0.029942855,
        0.0,
        0.0853119,
        0.031175405,
        0.9958664,
        0.0,
        -10.376451,
        95.1849,
        -0.8649984,
        1.0
      ],
      [
        0.9952772,
        0.011109035,
        -0.09643544,
        0.0,
        -0.0139321,
        0.9994924,
        -0.028650308,
        0.0,
        0.09606822,
        0.029858546,
        0.9949268,
        0.0,
        -10.0903225,
        95.24957,
        -0.32552192,
        1.0
      ],
      [
        0.9943669,
        0.013092332,
        -0.105181396,
        0.0,
        -0.015964458,
        0.999521,
        -0.02651102,
        0.0,
        0.10478392,
        0.028040843,
        0.9940996,
        0.0,
        -9.513124,
        95.54212,
        0.38844922,
        1.0
      ],
      [
        0.9948576,
        0.0123743825,
        -0.10052469,
        0.0,
        -0.014710324,
        0.99963796,
        -0.02252955,
        0.0,
        0.1002095,
        0.023892444,
        0.99467945,
        0.0,
        -8.666283,
        95.79814,
        1.1070178,
        1.0
      ],
      [
        0.995476,
        0.015042746,
        -0.09381477,
        0.0,
        -0.017466484,
        0.9995332,
        -0.02506793,
        0.0,
        0.093393885,
        0.026593138,
        0.995274,
        0.0,
        -7.6459904,
        96.25711,
        1.761263,
        1.0
      ],
      [
        0.9970964,
        0.013871806,
        -0.074875236,
        0.0,
        -0.015832068,
        0.9995456,
        -0.025650622,
        0.0,
        0.07448539,
        0.026761575,
        0.99686295,
        0.0,
        -6.464557,
        96.36444,
        2.1561205,
        1.0
      ],
      [
        0.99824923,
        0.015563887,
        -0.057063196,
        0.0,
        -0.01692468,
        0.99958193,
        -0.023441892,
        0.0,
        0.05667449,
        0.024366628,
        0.99809533,
        0.0,
        -5.214625,
        96.44338,
        2.3603535,
        1.0
      ],
      [
        0.9993841,
        0.006353133,
        -0.03451236,
        0.0,
        -0.0072296592,
        0.9996529,
        -0.025332326,
        0.0,
        0.03433944,
        0.025566237,
        0.99908316,
        0.0,
        -3.872092,
        96.44382,
        2.373311,
        1.0
      ],
      [
        0.9998965,
        -0.0016058242,
        -0.014297188,
        0.0,
        0.0012848467,
        0.9997476,
        -0.02243134,
        0.0,
        0.0143296,
        0.02241065,
        0.9996461,
        0.0,
        -2.5649185,
        96.28294,
        2.0592525,
        1.0
      ],
      [
        0.9999436,
        -0.00804726,
        -0.006926043,
        0.0,
        0.0078905765,
        0.99971884,
        -0.022360072,
        0.0,
        0.0071040327,
        0.022304162,
        0.999726,
        0.0,
        -1.3479568,
        96.15974,
        1.565937,
        1.0
      ],
      [
        0.998722,
        0.045667678,
        -0.021651354,
        0.0,
        -0.042448096,
        0.9904615,
        0.13108802,
        0.0,
        0.027431317,
        -0.13000143,
        0.9911343,
        0.0,
        -0.698,
        93.90083,
        2.678952,
        1.0
      ],
      [
        0.99177027,
        0.12649703,
        0.01975328,
        0.0,
        -0.12779754,
        0.96882176,
        0.2122549,
        0.0,
        0.007712208,
        -0.21303253,
        0.97701466,
        0.0,
        0.8325229,
        99.07817,
        26.755823,
        1.0
      ],
      [
        0.9695482,
        0.19334108,
        0.15031773,
        0.0,
        -0.1981523,
        0.9800137,
        0.017571554,
        0.0,
        -0.14391613,
        -0.046822272,
        0.9884816,
        0.0,
        -0.057531904,
        91.49855,
        49.657837,
        1.0
      ],
      [
        0.9088158,
        0.083461545,
        0.40876406,
        0.0,
        -0.12095342,
        0.99041504,
        0.06669572,
        0.0,
        -0.39927953,
        -0.110055536,
        0.91019976,
        0.0,
        -10.136283,
        99.89546,
        73.6141,
        1.0
      ],
      [
        0.850021,
        0.10730905,
        0.51570255,
        0.0,
        -0.0806713,
        0.99399996,
        -0.07386603,
        0.0,
        -0.5205348,
        0.02118528,
        0.8535776,
        0.0,
        -24.851896,
        91.54529,
        98.36307,
        1.0
      ],
      [
        0.75617564,
        0.08002474,
        0.6494571,
        0.0,
        -0.10829697,
        0.9941121,
        0.0035998784,
        0.0,
        -0.6453451,
        -0.07305637,
        0.76038975,
        0.0,
        -38.61431,
        94.27884,
        115.117325,
        1.0
      ],
      [
        0.6187228,
        0.13552192,
        0.7738321,
        0.0,
        -0.21731508,
        0.97609746,
        0.0028109327,
        0.0,
        -0.7549546,
        -0.16990453,
        0.6333847,
        0.0,
        -55.4585,
        97.57902,
        133.60281,
        1.0
      ],
      [
        0.46395153,
        0.18008202,
        0.8673636,
        0.0,
        -0.12412563,
        0.98267555,
        -0.13762848,
        0.0,
        -0.8771213,
        -0.043809075,
        0.47826666,
        0.0,
        -72.51398,
        88.11637,
        149.37032,
        1.0
      ],
      [
        0.25476217,
        0.056644917,
        0.9653433,
        0.0,
        -0.11731739,
        0.9927194,
        -0.027290273,
        0.0,
        -0.95986086,
        -0.10629903,
        0.25955278,
        0.0,
        -97.19352,
        97.0118,
        158.54614,
        1.0
      ],
      [
        0.14564604,
        0.09609899,
        0.9846586,
        0.0,
        -0.006804209,
        0.995345,
        -0.09613551,
        0.0,
        -0.9893135,
        0.0073019527,
        0.14562196,
        0.0,
        -125.94933,
        89.20086,
        164.12521,
        1.0
      ],
      [
        -0.075160265,
        0.093372166,
        0.99279034,
        0.0,
        -0.08910298,
        0.9909949,
        -0.09994894,
        0.0,
        -0.99318266,
        -0.09597276,
        -0.06616378,
        0.0,
        -148.36186,
        91.56964,
        166.20726,
        1.0
      ],
      [
        -0.20271766,
        0.13753508,
        0.96953076,
        0.0,
        -0.18502803,
        0.9668728,
        -0.17584525,
        0.0,
        -0.96159786,
        -0.21503727,
        -0.1705544,
        0.0,
        -174.84158,
        95.217285,
        166.31294,
        1.0
      ],
      [
        -0.31539,
        0.20965928,
        0.9255119,
        0.0,
        0.015923925,
        0.9763204,
        -0.21574265,
        0.0,
        -0.94882864,
        -0.05330527,
        -0.31126022,
        0.0,
        -198.70615,
        86.11165,
        164.28783,
        1.0
      ],
      [
        -0.5885216,
        0.0822365,
        0.8042882,
        0.0,
        -0.07482217,
        0.9850039,
        -0.15546386,
        0.0,
        -0.8050118,
        -0.15167244,
        -0.57354295,
        0.0,
        -223.7282,
        94.61997,
        150.11519,
        1.0
      ],
      [
        -0.7194712,
        0.123740606,
        0.6834103,
        0.0,
        0.08393363,
        0.99227965,
        -0.09130308,
        0.0,
        -0.689432,
        -0.008328833,
        -0.72430265,
        0.0,
        -247.24658,
        87.42908,
        132.2998,
        1.0
      ],
      [
        -0.8745277,
        0.0907018,
        0.4764186,
        0.0,
        0.03125181,
        0.9908533,
        -0.13127452,
        0.0,
        -0.48396778,
        -0.099914245,
        -0.8693633,
        0.0,
        -264.72437,
        89.57794,
        117.20275,
        1.0
      ],
      [
        -0.93752885,
        0.15682007,
        0.31055996,
        0.0,
        0.070791975,
        0.9599633,
        -0.27103308,
        0.0,
        -0.3406296,
        -0.23211613,
        -0.9110949,
        0.0,
        -282.57294,
        93.335144,
        95.61253,
        1.0
      ],
      [
        -0.95525444,
        0.24897563,
        0.15968853,
        0.0,
        0.23886546,
        0.9677543,
        -0.07996812,
        0.0,
        -0.17444938,
        -0.038245812,
        -0.9839233,
        0.0,
        -296.4721,
        85.47194,
        74.94117,
        1.0
      ],
      [
        -0.99028814,
        0.08722822,
        -0.10826428,
        0.0,
        0.099126026,
        0.98899025,
        -0.10987403,
        0.0,
        0.09748821,
        -0.11953873,
        -0.98803186,
        0.0,
        -299.3765,
        94.273796,
        49.91569,
        1.0
      ],
      [
        -0.947924,
        0.1419537,
        -0.2851131,
        0.0,
        0.14221948,
        0.9896354,
        0.01988395,
        0.0,
        0.2849806,
        -0.021700162,
        -0.9582877,
        0.0,
        -298.15417,
        87.13698,
        21.756193,
        1.0
      ],
      [
        -0.87429166,
        0.10582712,
        -0.47372437,
        0.0,
        0.143451,
        0.988684,
        -0.04388295,
        0.0,
        0.46371973,
        -0.106322736,
        -0.8795792,
        0.0,
        -293.80948,
        88.240845,
        0.11655097,
        1.0
      ],
      [
        -0.7732105,
        0.16841456,
        -0.6113772,
        0.0,
        0.28936368,
        0.9515711,
        -0.10383217,
        0.0,
        0.564282,
        -0.25719446,
        -0.78449786,
        0.0,
        -285.68118,
        94.9709,
        -24.950619,
        1.0
      ],
      [
        -0.69435287,
        0.27841696,
        -0.663595,
        0.0,
        0.2535139,
        0.95764893,
        0.13652551,
        0.0,
        0.673502,
        -0.07343368,
        -0.7355288,
        0.0,
        -277.17886,
        85.90863,
        -48.02337,
        1.0
      ],
      [
        -0.54963577,
        0.1251939,
        -0.82597053,
        0.0,
        0.15837622,
        0.9863927,
        0.044119157,
        0.0,
        0.8202547,
        -0.10656462,
        -0.5619844,
        0.0,
        -260.0515,
        95.231705,
        -64.39199,
        1.0
      ],
      [
        -0.42838907,
        0.14661872,
        -0.8916198,
        0.0,
        0.1319955,
        0.98631704,
        0.09877207,
        0.0,
        0.8939016,
        -0.07537692,
        -0.44188035,
        0.0,
        -236.90587,
        91.34512,
        -79.94032,
        1.0
      ],
      [
        -0.29759836,
        0.09612074,
        -0.94984007,
        0.0,
        0.1305525,
        0.98966956,
        0.05924741,
        0.0,
        0.9457227,
        -0.106372066,
        -0.30707288,
        0.0,
        -216.75427,
        88.203156,
        -90.04138,
        1.0
      ],
      [
        -0.10534179,
        0.15544657,
        -0.98221165,
        0.0,
        0.2695719,
        0.95518786,
        0.12225831,
        0.0,
        0.9572013,
        -0.25189775,
        -0.1425252,
        0.0,
        -192.2169,
        97.30149,
        -99.1081,
        1.0
      ],
      [
        -0.085113764,
        0.22739048,
        -0.970077,
        0.0,
        0.09232651,
        0.9712209,
        0.219558,
        0.0,
        0.99208444,
        -0.07087642,
        -0.10365844,
        0.0,
        -166.79065,
        88.51719,
        -106.94028,
        1.0
      ],
      [
        0.14245111,
        0.11402944,
        -0.9832117,
        0.0,
        0.0979619,
        0.9868406,
        0.12864341,
        0.0,
        0.9849424,
        -0.11464269,
        0.12940598,
        0.0,
        -142.08769,
        96.84473,
        -106.809364,
        1.0
      ],
      [
        0.3523968,
        0.11108306,
        -0.92923474,
        0.0,
        0.05964017,
        0.98824644,
        0.14075501,
        0.0,
        0.9339484,
        -0.10502133,
        0.34162986,
        0.0,
        -113.50219,
        95.32215,
        -101.53495,
        1.0
      ],
      [
        0.4907239,
        0.0292667,
        -0.87082344,
        0.0,
        0.013615859,
        0.9990561,
        0.041249126,
        0.0,
        0.8712087,
        -0.03209894,
        0.48986226,
        0.0,
        -90.064224,
        88.73019,
        -94.62996,
        1.0
      ],
      [
        0.661443,
        0.13849476,
        -0.7370973,
        0.0,
        0.06964402,
        0.9672138,
        0.24422774,
        0.0,
        0.74675494,
        -0.21287712,
        0.63011146,
        0.0,
        -66.75389,
        98.57981,
        -84.52767,
        1.0
      ],
      [
        0.7340307,
        0.22201228,
        -0.6418017,
        0.0,
        -0.12134707,
        0.9727228,
        0.1976996,
        0.0,
        0.6681869,
        -0.06723683,
        0.74094903,
        0.0,
        -42.820763,
        90.56543,
        -72.162476,
        1.0
      ],
      [
        0.85719126,
        0.15517795,
        -0.49106303,
        0.0,
        -0.086575024,
        0.9833739,
        0.15962633,
        0.0,
        0.50766903,
        -0.09431651,
        0.856374,
        0.0,
        -26.400602,
        95.29185,
        -55.86948,
        1.0
      ],
      [
        0.95926803,
        0.10649338,
        -0.26165628,
        0.0,
        -0.06479196,
        0.9844729,
        0.16314149,
        0.0,
        0.274967,
        -0.1395432,
        0.95127326,
