{"joints":[{"name":"Model_Hips","offset":[0.0,96.91508,0.0],"parent_index":null,"pose_refs":[{"pose_index":0,"data_type":"PositionX"},{"pose_index":1,"data_type":"PositionY"},{"pose_index":2,"data_type":"PositionZ"},{"pose_index":3,"data_type":"RotationX"},{"pose_index":4,"data_type":"RotationY"},{"pose_index":5,"data_type":"RotationZ"}]},{"name":"Model_Spine","offset":[0.0,11.137703,-1.2899],"parent_index":0,"pose_refs":[{"pose_index":6,"data_type":"RotationX"},{"pose_index":7,"data_type":"RotationY"},{"pose_index":8,"data_type":"RotationZ"}]},{"name":"Model_Spine1","offset":[0.0,12.993942,-1.504922],"parent_index":1,"pose_refs":[{"pose_index":9,"data_type":"RotationX"},{"pose_index":10,"data_type":"RotationY"},{"pose_index":11,"data_type":"RotationZ"}]},{"name":"Model_Spine2","offset":[0.0,14.85022,-1.719911],"parent_index":2,"pose_refs":[{"pose_index":12,"data_type":"RotationX"},{"pose_index":13,"data_type":"RotationY"},{"pose_index":14,"data_type":"RotationZ"}]},{"name":"Model_Neck","offset":[0.0,16.706543,-1.934903],"parent_index":3,"pose_refs":[{"pose_index":15,"data_type":"RotationX"},{"pose_index":16,"data_type":"RotationY"},{"pose_index":17,"data_type":"RotationZ"}]},{"name":"Model_Head","offset":[0.0,10.471298,2.0021],"parent_index":4,"pose_refs":[{"pose_index":18,"data_type":"RotationX"},{"pose_index":19,"data_type":"RotationY"},{"pose_index":20,"data_type":"RotationZ"}]},{"name":"Model_HeadTop_End","offset":[0.0,20.842606,3.9851],"parent_index":5,"pose_refs":[{"pose_index":21,"data_type":"RotationX"},{"pose_index":22,"data_type":"RotationY"},{"pose_index":23,"data_type":"RotationZ"}]},{"name":"Model_LeftShoulder","offset":[7.0085,14.7686,-1.919946],"parent_index":3,"pose_refs":[{"pose_index":24,"data_type":"RotationX"},{"pose_index":25,"data_type":"RotationY"},{"pose_index":26,"data_type":"RotationZ"}]},{"name":"Model_LeftArm","offset":[14.126271,-3.718048,0.029937],"parent_index":7,"pose_refs":[{"pose_index":27,"data_type":"RotationX"},{"pose_index":28,"data_type":"RotationY"},{"pose_index":29,"data_type":"RotationZ"}]},{"name":"Model_LeftForeArm","offset":[28.2828,0.0,0.0],"parent_index":8,"pose_refs":[{"pose_index":30,"data_type":"RotationX"},{"pose_index":31,"data_type":"RotationY"},{"pose_index":32,"data_type":"RotationZ"}]},{"name":"Model_LeftHand","offset":[26.204689,0.0,0.0],"parent_index":9,"pose_refs":[{"pose_index":33,"data_type":"RotationX"},{"pose_index":34,"data_type":"RotationY"},{"pose_index":35,"data_type":"RotationZ"}]},{"name":"Model_RightShoulder","offset":[-7.0085,14.768555,-1.94984],"parent_index":3,"pose_refs":[{"pose_index":36,"data_type":"RotationX"},{"pose_index":37,"data_type":"RotationY"},{"pose_index":38,"data_type":"RotationZ"}]},{"name":"Model_RightArm","offset":[-14.126281,-3.718018,-0.029932],"parent_index":11,"pose_refs":[{"pose_index":39,"data_type":"RotationX"},{"pose_index":40,"data_type":"RotationY"},{"pose_index":41,"data_type":"RotationZ"}]},{"name":"Model_RightForeArm","offset":[-28.283798,0.0,-0.000001],"parent_index":12,"pose_refs":[{"pose_index":42,"data_type":"RotationX"},{"pose_index":43,"data_type":"RotationY"},{"pose_index":44,"data_type":"RotationZ"}]},{"name":"Model_RightHand","offset":[-26.204193,0.0,-0.000001],"parent_index":13,"pose_refs":[{"pose_index":45,"data_type":"RotationX"},{"pose_index":46,"data_type":"RotationY"},{"pose_index":47,"data_type":"RotationZ"}]},{"name":"Model_LeftUpLeg","offset":[8.3277,-6.193199,-0.4028],"parent_index":0,"pose_refs":[{"pose_index":48,"data_type":"RotationX"},{"pose_index":49,"data_type":"RotationY"},{"pose_index":50,"data_type":"RotationZ"}]},{"name":"Model_LeftLeg","offset":[0.735802,-42.10874,-0.610721],"parent_index":15,"pose_refs":[{"pose_index":51,"data_type":"RotationX"},{"pose_index":52,"data_type":"RotationY"},{"pose_index":53,"data_type":"RotationZ"}]},{"name":"Model_LeftFoot","offset":[-0.735806,-36.833748,-0.172876],"parent_index":16,"pose_refs":[{"pose_index":54,"data_type":"RotationX"},{"pose_index":55,"data_type":"RotationY"},{"pose_index":56,"data_type":"RotationZ"}]},{"name":"Model_LeftToeBase","offset":[-0.565857,-11.977769,16.297714],"parent_index":17,"pose_refs":[{"pose_index":57,"data_type":"RotationX"},{"pose_index":58,"data_type":"RotationY"},{"pose_index":59,"data_type":"RotationZ"}]},{"name":"Model_LeftToe_End","offset":[-0.111712,-0.312793,7.857784],"parent_index":18,"pose_refs":[{"pose_index":60,"data_type":"RotationX"},{"pose_index":61,"data_type":"RotationY"},{"pose_index":62,"data_type":"RotationZ"}]},{"name":"Model_RightUpLeg","offset":[-8.3277,-6.193199,-0.5165],"parent_index":0,"pose_refs":[{"pose_index":63,"data_type":"RotationX"},{"pose_index":64,"data_type":"RotationY"},{"pose_index":65,"data_type":"RotationZ"}]},{"name":"Model_RightLeg","offset":[-0.735785,-42.108738,-0.434061],"parent_index":20,"pose_refs":[{"pose_index":66,"data_type":"RotationX"},{"pose_index":67,"data_type":"RotationY"},{"pose_index":68,"data_type":"RotationZ"}]},{"name":"Model_RightFoot","offset":[0.735776,-36.833748,-0.02163],"parent_index":21,"pose_refs":[{"pose_index":69,"data_type":"RotationX"},{"pose_index":70,"data_type":"RotationY"},{"pose_index":71,"data_type":"RotationZ"}]},{"name":"Model_RightToeBase","offset":[0.565817,-11.977745,15.903093],"parent_index":22,"pose_refs":[{"pose_index":72,"data_type":"RotationX"},{"pose_index":73,"data_type":"RotationY"},{"pose_index":74,"data_type":"RotationZ"}]},{"name":"Model_RightToe_End","offset":[0.111702,-0.312791,7.811342],"parent_index":23,"pose_refs":[{"pose_index":75,"data_type":"RotationX"},{"pose_index":76,"data_type":"RotationY"},{"pose_index":77,"data_type":"RotationZ"}]}],"trajectory_data":{"points":[{"matrix":[0.98170877,-0.053047203,0.18284932,0.0,0.07470388,0.9907068,-0.11366314,0.0,-0.17512056,0.12524365,0.97654843,0.0,0.236648,96.08627,5.031703,1.0],"velocity":[-5.5564885,68.05617]},{"matrix":[0.98945504,-0.07400559,0.124506585,0.0,0.08339143,0.9939169,-0.07193722,0.0,-0.11842545,0.08156143,0.9896076,0.0,-1.8135017,95.73605,17.564009,1.0],"velocity":[-20.517187,83.83065]},{"matrix":[0.9936498,-0.10815063,0.031041414,0.0,0.11090532,0.98793584,-0.10808676,0.0,-0.018977277,0.11084304,0.9936567,0.0,-5.871693,93.949486,33.440002,1.0],"velocity":[-29.74429,99.76394]},{"matrix":[0.98281395,-0.16639586,-0.07993179,0.0,0.15229346,0.975572,-0.1583225,0.0,0.104323424,0.14342849,0.9841468,0.0,-10.253664,94.15624,47.401463,1.0],"velocity":[-17.358051,68.22099]},{"matrix":[0.9961337,-0.086932525,-0.0126667,0.0,0.08479147,0.98911834,-0.12023046,0.0,0.022980804,0.118691586,0.9926652,0.0,-11.819521,95.730034,58.15062,1.0],"velocity":[-1.1099403,64.07122]},{"matrix":[0.99048936,-0.10724397,0.08619508,0.0,0.11394212,0.99050254,-0.076953664,0.0,-0.07712363,0.08604303,0.9933018,0.0,-11.167845,95.114716,70.064896,1.0],"velocity":[9.270845,86.00613]},{"matrix":[0.98415065,-0.048345085,0.1706173,0.0,0.064248234,0.99396163,-0.08895217,0.0,-0.16528665,0.0985042,0.98131406,0.0,-8.597989,94.51019,85.95702,1.0],"velocity":[22.081049,95.304955]},{"matrix":[0.9705767,-0.0040413355,0.24075815,0.0,0.031634662,0.99333286,-0.110855974,0.0,-0.23870498,0.115210526,0.96423364,0.0,-5.4786973,95.49579,99.28252,1.0],"velocity":[9.542866,67.34714]},{"matrix":[0.9773178,-0.071291015,0.19941781,0.0,0.09226604,0.99090624,-0.09793775,0.0,-0.19062229,0.114115804,0.9750081,0.0,-4.993568,97.26469,110.437416,1.0],"velocity":[-2.635436,65.80771]},{"matrix":[0.98634744,-0.041456923,0.15937409,0.0,0.050641187,0.9972558,-0.054002795,0.0,-0.15669796,0.06133641,0.9857401,0.0,-6.2757535,96.131256,122.67421,1.0],"velocity":[-12.332823,87.82936]},{"matrix":[0.99302363,-0.08780538,0.07870363,0.0,0.09458106,0.99171245,-0.08695326,0.0,-0.070416406,0.09379051,0.9930986,0.0,-9.686098,95.17596,139.09615,1.0],"velocity":[-28.738688,97.32228]},{"matrix":[0.98775554,-0.1111278,0.10949718,0.0,0.12307685,0.9863714,-0.10919512,0.0,-0.09587028,0.12133465,0.98797107,0.0,-14.211256,94.772934,153.04022,1.0],"velocity":[-19.68562,71.23027]},{"matrix":[0.9713288,0.0005262997,0.23773949,0.0,0.016842252,0.9973327,-0.071020015,0.0,-0.23714273,0.07298786,0.96872914,0.0,-16.281673,95.6721,164.1532,1.0],"velocity":[-7.6398087,64.09479]},{"matrix":[0.9130534,-0.0334254,0.40646797,0.0,0.04390852,0.99889946,-0.016488917,0.0,-0.40546948,0.03290267,0.9135162,0.0,-17.803562,95.28924,175.61926,1.0],"velocity":[-11.113251,80.61698]},{"matrix":[0.7880717,0.0029973192,0.61557615,0.0,0.03193265,0.99844277,-0.045742296,0.0,-0.6147547,0.05570519,0.78674877,0.0,-20.175571,94.897125,190.06871,1.0],"velocity":[-16.44197,82.42695]},{"matrix":[0.57165146,0.01593535,0.8203418,0.0,0.071465865,0.9950446,-0.06912966,0.0,-0.8173783,0.09814452,0.5676799,0.0,-22.490858,95.06651,201.7524,1.0],"velocity":[-18.857199,58.30511]},{"matrix":[0.44754922,-0.06534157,0.89186895,0.0,0.101928614,0.99455464,0.021715842,0.0,-0.88843143,0.08118805,0.45177233,0.0,-26.83346,95.55503,210.27084,1.0],"velocity":[-37.153534,43.27337]},{"matrix":[0.39510733,-0.046586923,0.917453,0.0,0.040585063,0.9986234,0.033230405,0.0,-0.91773814,0.024105307,0.39645416,0.0,-35.074413,94.688515,216.98718,1.0],"velocity":[-65.072784,40.41881]},{"matrix":[0.38395578,-0.08401561,0.9195213,0.0,0.07366125,0.9954649,0.06019646,0.0,-0.92040867,0.044620298,0.38840324,0.0,-48.213154,94.099304,222.96344,1.0],"velocity":[-83.042625,23.426962]},{"matrix":[0.34249377,-0.11611592,0.932317,0.0,0.126501,0.98899645,0.07670398,0.0,-0.9309648,0.09166841,0.35341388,0.0,-60.15216,94.05618,226.78357,1.0],"velocity":[-63.471558,24.289371]},{"matrix":[0.15552449,-0.05924922,0.98605365,0.0,0.076921225,0.9958951,0.047708232,0.0,-0.9848327,0.06842865,0.15944356,0.0,-70.75109,96.35571,230.97554,1.0],"velocity":[-66.92188,27.917534]},{"matrix":[0.019804835,-0.09285763,0.99548244,0.0,0.080014035,0.99263126,0.09099981,0.0,-0.99659705,0.07785033,0.027088821,0.0,-84.01419,95.93523,236.52237,1.0],"velocity":[-96.620995,37.770245]},{"matrix":[-0.07447708,0.0129145235,0.9971392,0.0,0.12030031,0.99273,-0.0038721077,0.0,-0.98994005,0.11966775,-0.07548928,0.0,-99.98503,95.90836,242.17374,1.0],"velocity":[-78.66237,26.314478]},{"matrix":[-0.09370124,-0.027011815,0.9952339,0.0,0.14456981,0.98866767,0.04044485,0.0,-0.98504806,0.1476705,-0.08873427,0.0,-111.67617,96.75888,244.4596,1.0],"velocity":[-65.77612,0.03845138]},{"matrix":[-0.114501834,-0.056676656,0.99180496,0.0,0.094434574,0.99322915,0.06766032,0.0,-0.9889244,0.101407915,-0.10837424,0.0,-122.58239,95.43962,243.27097,1.0],"velocity":[-69.895454,-16.711702]},{"matrix":[-0.09001601,-0.048288085,0.9947689,0.0,0.0954378,0.9938091,0.056877602,0.0,-0.9913569,0.100058466,-0.08485031,0.0,-135.89993,93.49663,239.67355,1.0],"velocity":[-90.6061,-29.067413]},{"matrix":[-0.10058236,-0.104072,0.9894707,0.0,0.1142649,0.9867253,0.11539857,0.0,-0.9883455,0.12466882,-0.087355375,0.0,-150.56549,94.54486,233.07133,1.0],"velocity":[-75.67323,-40.96537]},{"matrix":[-0.20895362,-0.083680265,0.9743387,0.0,0.10971249,0.98803633,0.10838528,0.0,-0.97175175,0.12954463,-0.19727302,0.0,-161.35068,95.87924,228.10063,1.0],"velocity":[-57.949894,-20.647476]},{"matrix":[-0.36373174,-0.06308217,0.9293654,0.0,0.04573108,0.99529195,0.08545512,0.0,-0.9303806,0.07358362,-0.35913455,0.0,-171.02489,95.85042,224.8313,1.0],"velocity":[-62.214336,-21.795525]},{"matrix":[-0.49638188,-0.061225966,0.8659425,0.0,0.028400065,0.99583054,0.086689316,0.0,-0.86763954,0.06762383,-0.49257338,0.0,-182.73743,95.01616,220.7734,1.0],"velocity":[-76.4267,-27.150337]},{"matrix":[-0.6925832,-0.003254423,0.72133064,0.0,0.04013776,0.9982667,0.04304201,0.0,-0.72022045,0.058762774,-0.6912521,0.0,-194.11432,95.17595,216.95915,1.0],"velocity":[-55.093506,-18.177433]},{"matrix":[-0.8010298,-0.051193442,0.59643173,0.0,-0.0044950843,0.9968229,0.0795231,0.0,-0.5986079,0.061019346,-0.798715,0.0,-202.10405,96.10175,213.11343,1.0],"velocity":[-41.232697,-30.816036]},{"matrix":[-0.8583679,-0.06376605,0.5090564,0.0,-0.04380825,0.99773175,0.051109888,0.0,-0.5111608,0.02157022,-0.8592144,0.0,-208.09248,96.225204,206.14702,1.0],"velocity":[-30.709837,-58.24835]},{"matrix":[-0.87774754,-0.038043816,0.47761068,0.0,-0.01132922,0.9982119,0.058691308,0.0,-0.4789895,0.04610519,-0.8766091,0.0,-213.00583,94.33768,193.83809,1.0],"velocity":[-24.282963,-90.85878]},{"matrix":[-0.9008409,-0.08020937,0.4266761,0.0,-0.044392385,0.99465203,0.09325563,0.0,-0.43187422,0.0650673,-0.89958394,0.0,-215.68909,94.40397,179.73694,1.0],"velocity":[-14.07229,-73.41742]},{"matrix":[-0.9621903,-0.048365816,0.2680497,0.0,-0.02552876,0.9957899,0.08803839,0.0,-0.27117923,0.07786671,-0.95937407,0.0,-218.1766,95.717674,168.5238,1.0],"velocity":[-16.795929,-62.98245]},{"matrix":[-0.9869505,-0.05845553,0.15003987,0.0,-0.048685644,0.99649775,0.06798522,0.0,-0.1534885,0.05979325,-0.9863398,0.0,-221.36452,95.55124,157.10466,1.0],"velocity":[-22.412579,-80.58311]},{"matrix":[-0.99625003,-0.081118904,0.030099383,0.0,-0.077740125,0.99192727,0.1001836,0.0,-0.037983183,0.09746797,-0.99451375,0.0,-225.62054,94.2598,141.71507,1.0],"velocity":[-27.671263,-102.18638]},{"matrix":[-0.99329054,-0.0047068186,-0.11554996,0.0,-0.017592587,0.99369234,0.11075228,0.0,0.11429981,0.112042,-0.987108,0.0,-230.17941,95.09295,126.989784,1.0],"velocity":[-23.72084,-73.198616]},{"matrix":[-0.99517775,-0.06890882,-0.069807656,0.0,-0.07655417,0.9905809,0.11352957,0.0,0.061326943,0.11832615,-0.99107933,0.0,-232.8646,96.70539,115.54109,1.0],"velocity":[-8.487684,-64.83361]},{"matrix":[-0.9975809,-0.06948209,0.002193458,0.0,-0.069190055,0.9954542,0.06545003,0.0,-0.0067310906,0.06513992,-0.9978535,0.0,-233.3671,96.58541,104.315895,1.0],"velocity":[2.47279,-76.73934]},{"matrix":[-0.9891963,-0.04896074,0.1381794,0.0,-0.036303874,0.9950342,0.09267632,0.0,-0.14203073,0.08665862,-0.9860616,0.0,-232.32718,94.727036,89.20524,1.0],"velocity":[13.161359,-106.71632]},{"matrix":[-0.96383274,-0.12080054,0.23755795,0.0,-0.088067725,0.98566467,0.14390707,0.0,-0.25153652,0.117781155,-0.9606545,0.0,-229.65683,94.38301,72.89546,1.0],"velocity":[13.663057,-83.03118]},{"matrix":[-0.978022,-0.079011455,0.19295079,0.0,-0.04709929,0.9852182,0.16470201,0.0,-0.20311198,0.15199436,-0.96728647,0.0,-228.55905,95.702415,60.31618,1.0],"velocity":[-0.404655,-69.298546]},{"matrix":[-0.99411225,-0.055691905,0.09294824,0.0,-0.045237295,0.99278784,0.11102198,0.0,-0.09846091,0.106163576,-0.9894619,0.0,-229.27441,95.89799,48.62458,1.0],"velocity":[-7.6976004,-76.95312]},{"matrix":[-0.9945152,-0.07921781,-0.068296425,0.0,-0.08575229,0.99141014,0.09875485,0.0,0.059886627,0.104069754,-0.99276555,0.0,-231.25455,93.88119,33.6511,1.0],"velocity":[-17.074244,-105.45932]},{"matrix":[-0.9780922,-0.0019977111,-0.20816399,0.0,-0.027721263,0.99229825,0.120729916,0.0,0.20631959,0.123855524,-0.97061455,0.0,-234.44896,94.522,16.774416,1.0],"velocity":[-16.839874,-89.41566]},{"matrix":[-0.98072135,-0.04915049,-0.1891295,0.0,-0.07416026,0.9890596,0.12751997,0.0,0.18079269,0.13908744,-0.97363687,0.0,-235.8121,96.29932,3.2044353,1.0],"velocity":[-0.30852658,-74.1056]},{"matrix":[-0.9914733,-0.07085925,-0.10936106,0.0,-0.07989016,0.99354523,0.08053223,0.0,0.1029487,0.08858242,-0.9907346,0.0,-234.86852,95.98004,-9.379992,1.0],"velocity":[13.513829,-83.8711]},{"matrix":[-0.9963168,-0.07995575,0.030988123,0.0,-0.07632104,0.9915779,0.104634434,0.0,-0.03909326,0.10188398,-0.994028,0.0,-231.36043,94.29751,-25.77268,1.0],"velocity":[28.570292,-110.78346]},{"matrix":[-0.9732934,-0.15945147,0.16515261,0.0,-0.13345562,0.9783635,0.15809646,0.0,-0.186788,0.1318337,-0.97351444,0.0,-226.67633,94.21773,-42.20181,1.0],"velocity":[19.244917,-81.91449]},{"matrix":[-0.990275,-0.07766978,0.11542455,0.0,-0.062016435,0.9891053,0.13350937,0.0,-0.12453667,0.12505278,-0.9843031,0.0,-224.83588,95.60669,-54.75228,1.0],"velocity":[2.9003327,-71.08699]},{"matrix":[-0.9950955,-0.07582319,0.063529104,0.0,-0.07074429,0.9943846,0.078705475,0.0,-0.06914006,0.073825136,-0.9948716,0.0,-225.4366,95.1797,-67.36356,1.0],"velocity":[-11.028222,-87.283264]},{"matrix":[-0.99915767,-0.037899196,-0.015743816,0.0,-0.039013535,0.9962028,0.077832565,0.0,0.012734243,0.07838121,-0.99684227,0.0,-227.98062,94.08797,-83.89986,1.0],"velocity":[-20.176905,-105.85024]},{"matrix":[-0.9870167,0.015894908,-0.15983061,0.0,0.0018316489,0.99614054,0.08775351,0.0,0.16060857,0.086321406,-0.98323643,0.0,-230.85704,94.75051,-99.224846,1.0],"velocity":[-8.149862,-75.66911]},{"matrix":[-0.9835031,-0.05532661,-0.17222297,0.0,-0.07102704,0.9937276,0.086374834,0.0,0.1663639,0.09718239,-0.9812639,0.0,-230.8211,96.95732,-111.46736,1.0],"velocity":[9.524041,-73.82482]},{"matrix":[-0.9921794,-0.04446499,-0.11663328,0.0,-0.05129282,0.9971007,0.0562069,0.0,0.11379589,0.061749768,-0.99158347,0.0,-227.88284,95.94348,-124.848885,1.0],"velocity":[26.311731,-93.806725]},{"matrix":[-0.993163,-0.10893759,-0.0419546,0.0,-0.113025516,0.9872435,0.11214059,0.0,0.02920308,0.1161158,-0.99280643,0.0,-222.27655,95.01061,-141.42897,1.0],"velocity":[37.989048,-91.14351]},{"matrix":[-0.99351597,-0.11207404,0.019116636,0.0,-0.10824112,0.98385197,0.14254521,0.0,-0.03478356,0.13955174,-0.98960364,0.0,-217.32732,95.42021,-154.52177,1.0],"velocity":[18.133488,-68.32169]},{"matrix":[-0.9943868,-0.055139814,-0.090300664,0.0,-0.06468767,0.99220943,0.10647014,0.0,0.083726436,0.11171386,-0.99020684,0.0,-215.56017,96.403824,-165.63318,1.0],"velocity":[4.380711,-67.73577]},{"matrix":[-0.9674009,-0.07677189,-0.24133332,0.0,-0.097141005,0.9925416,0.07365326,0.0,0.23387887,0.094695576,-0.9676434,0.0,-215.49553,95.25262,-178.40988,1.0],"velocity":[-4.431064,-89.73087]},{"matrix":[-0.9196228,-0.01645461,-0.39245752,0.0,-0.058888853,0.9936057,0.09633181,0.0,0.3883629,0.11170032,-0.9147115,0.0,-216.03009,94.859024,-193.63612,1.0],"velocity":[-3.091674,-79.55682]},{"matrix":[-0.82284427,-0.013021406,-0.56811744,0.0,-0.071753964,0.9941164,0.08114088,0.0,0.5637184,0.107531,-0.8189374,0.0,-216.26158,96.101105,-204.05124,1.0],"velocity":[8.235004,-51.18245]},{"matrix":[-0.7297591,-0.04807919,-0.68201166,0.0,-0.061113615,0.99811846,-0.004971329,0.0,0.6809674,0.038052324,-0.7313243,0.0,-213.67168,97.12449,-212.23311,1.0],"velocity":[28.41191,-46.81364]},{"matrix":[-0.65147233,-0.0032145348,-0.7586657,0.0,0.0008905949,0.99998707,-0.0050017964,0.0,0.758672,-0.0039341953,-0.6514611,0.0,-206.48582,95.944,-220.18822,1.0],"velocity":[58.943222,-51.518444]},{"matrix":[-0.6067761,-0.049561802,-0.7933262,0.0,-0.051458824,0.99840987,-0.023015762,0.0,0.79320544,0.026858216,-0.6083617,0.0,-194.59235,95.07986,-227.89253,1.0],"velocity":[74.611244,-33.91778]},{"matrix":[-0.52219284,-0.07386627,-0.8496227,0.0,-0.09293962,0.99523747,-0.029403746,0.0,0.8477483,0.06360918,-0.52657104,0.0,-183.82658,94.59441,-233.09549,1.0],"velocity":[57.41249,-31.000053]},{"matrix":[-0.33744812,-0.04953439,-0.9400402,0.0,-0.092839465,0.9954973,-0.019129891,0.0,0.936755,0.080817476,-0.34052742,0.0,-174.29987,95.68568,-238.2625,1.0],"velocity":[60.911568,-30.884699]},{"matrix":[-0.16785085,-0.071673654,-0.9832034,0.0,-0.09442515,0.9939367,-0.056335986,0.0,0.98127973,0.08338308,-0.17360091,0.0,-162.81108,94.15859,-244.23947,1.0],"velocity":[77.783485,-41.07889]},{"matrix":[-0.02556336,0.00251095,-0.99967,0.0,-0.12858489,0.9916817,0.005779013,0.0,0.991369,0.1286902,-0.025027871,0.0,-150.48428,94.344604,-251.07124,1.0],"velocity":[61.28601,-37.09826]},{"matrix":[0.036969185,-0.02522834,-0.99899787,0.0,-0.13960768,0.98974746,-0.030161086,0.0,0.98951656,0.14058281,0.03306812,0.0,-140.95073,96.359276,-255.53378,1.0],"velocity":[55.600697,-15.238648]},{"matrix":[0.031884015,-0.04684701,-0.99839324,0.0,-0.08885474,0.994813,-0.049516633,0.0,0.99553424,0.090290755,0.027556062,0.0,-131.46637,96.56322,-256.73196,1.0],"velocity":[64.24402,2.916812]},{"matrix":[-0.034500122,-0.031606864,-0.99890476,0.0,-0.09839614,0.99475116,-0.028077032,0.0,0.9945491,0.09731971,-0.037429094,0.0,-118.7734,95.482376,-255.18065,1.0],"velocity":[89.77116,18.327576]},{"matrix":[-0.10232985,-0.0993183,-0.98978,0.0,-0.10050485,0.99094397,-0.08904425,0.0,0.9896602,0.090365805,-0.11138511,0.0,-104.07317,95.31233,-250.75496,1.0],"velocity":[76.31317,28.931002]},{"matrix":[-0.11523759,-0.09376444,-0.9889028,0.0,-0.12795688,0.98864204,-0.07882881,0.0,0.98506224,0.117452875,-0.1259265,0.0,-92.95324,95.85238,-247.28828,1.0],"velocity":[59.22886,12.20099]},{"matrix":[-0.03917098,-0.048399657,-0.99805963,0.0,-0.10123162,0.9938795,-0.04422389,0.0,0.9940914,0.0993029,-0.043830752,0.0,-83.222496,96.460266,-246.07614,1.0],"velocity":[61.401363,4.035564]},{"matrix":[0.0778451,-0.069224566,-0.9945592,0.0,-0.0949806,0.992534,-0.07651782,0.0,0.99243075,0.10042037,0.0706889,0.0,-71.00513,94.90209,-245.77441,1.0],"velocity":[89.13763,-0.7790982]},{"matrix":[0.25435728,-0.016845897,-0.9669637,0.0,-0.113902315,0.99236774,-0.047250185,0.0,0.96037954,0.12215783,0.25049716,0.0,-55.91683,94.90537,-245.92766,1.0],"velocity":[77.71093,-5.46742]},{"matrix":[0.396299,-0.007766012,-0.9180887,0.0,-0.10326779,0.9932417,-0.05297795,0.0,0.91229534,0.11580409,0.39281875,0.0,-45.579456,95.97233,-245.95956,1.0],"velocity":[50.93641,8.426346]},{"matrix":[0.40416503,-0.06395345,-0.91244763,0.0,-0.043772325,0.99505746,-0.08913237,0.0,0.9136382,0.07596414,0.39936805,0.0,-37.444687,97.17647,-243.96628,1.0],"velocity":[47.50714,18.213139]},{"matrix":[0.42212147,-0.008059017,-0.90650344,0.0,-0.04331786,0.9986389,-0.029049471,0.0,0.90550375,0.051530197,0.42119783,0.0,-28.817135,95.98452,-239.67715,1.0],"velocity":[59.975227,34.140247]},{"matrix":[0.4198032,-0.044016447,-0.9065472,0.0,-0.048299108,0.99632466,-0.07074181,0.0,0.90632915,0.07348306,0.4161343,0.0,-19.22786,95.52415,-232.50812,1.0],"velocity":[45.72922,51.454357]},{"matrix":[0.49139166,-0.07187644,-0.8679677,0.0,-0.032015197,0.9944245,-0.10047343,0.0,0.87035,0.07715996,0.48635077,0.0,-12.672473,94.84929,-225.5592,1.0],"velocity":[35.191254,31.691263]},{"matrix":[0.67540514,-0.023131374,-0.73708403,0.0,-0.028987087,0.99790275,-0.05787792,0.0,0.73687696,0.06045696,0.67331815,0.0,-7.040694,96.15396,-220.82776,1.0],"velocity":[34.652676,26.953503]},{"matrix":[0.830433,-0.046586785,-0.5551672,0.0,0.023124259,0.99852115,-0.049200922,0.0,0.55663836,0.02802024,0.8302822,0.0,-0.2521186,96.08176,-215.19096,1.0],"velocity":[49.53075,41.500027]},{"matrix":[0.9522582,-0.012431601,-0.30504045,0.0,-0.0064352695,0.9981312,-0.060767055,0.0,0.30522582,0.059828945,0.9503987,0.0,7.935559,95.99731,-207.74867,1.0],"velocity":[46.75236,40.38677]},{"matrix":[0.99828625,0.0012952441,-0.058504976,0.0,-0.0060862107,0.9966313,-0.081786215,0.0,0.05820196,0.08200213,0.9949312,0.0,14.657652,95.88737,-201.97742,1.0],"velocity":[30.17369,32.53994]},{"matrix":[0.99801886,-0.05908349,0.02162054,0.0,0.060561553,0.9952911,-0.07568272,0.0,-0.017047131,0.07684217,0.9968975,0.0,18.079275,96.75326,-196.20453,1.0],"velocity":[9.561577,36.270638]},{"matrix":[0.99740595,-0.057907067,0.04275627,0.0,0.06005092,0.9969076,-0.050686132,0.0,-0.039688963,0.053122204,0.997799,0.0,18.192186,96.28657,-189.00674,1.0],"velocity":[-9.668463,54.498425]},{"matrix":[0.99861,-0.04609086,-0.025567692,0.0,0.04425996,0.9966987,-0.0680647,0.0,0.028620444,0.066838466,0.99735326,0.0,15.09967,94.95588,-178.10316,1.0],"velocity":[-30.87646,74.84378]},{"matrix":[0.99242336,-0.0996916,-0.07181537,0.0,0.09409098,0.9925382,-0.07755496,0.0,0.07901108,0.07021018,0.9943982,0.0,9.275859,95.025826,-166.48123,1.0],"velocity":[-28.541397,59.033855]},{"matrix":[0.9930628,-0.09959971,-0.062499247,0.0,0.0929768,0.99051476,-0.1011722,0.0,0.07198315,0.094659366,0.9929038,0.0,6.261599,94.98107,-157.91205,1.0],"velocity":[-10.131681,48.598885]},{"matrix":[0.9980847,-0.057522282,-0.022760099,0.0,0.055589706,0.99540436,-0.077973835,0.0,0.027140735,0.07655927,0.9966956,0.0,5.1115885,95.29683,-149.29648,1.0],"velocity":[-4.8701077,59.672882]},{"matrix":[0.9945595,-0.08664458,0.05782783,0.0,0.08929408,0.99499184,-0.044920143,0.0,-0.053646132,0.04983944,0.99731547,0.0,4.706181,94.11522,-137.26357,1.0],"velocity":[1.1646992,86.338]},{"matrix":[0.9837904,-0.028389093,0.17706089,0.0,0.04344433,0.9957064,-0.08173976,0.0,-0.17398013,0.08810709,0.9807997,0.0,5.412925,94.027916,-121.58628,1.0],"velocity":[10.40313,91.25611]},{"matrix":[0.9604359,-0.015798155,0.27805263,0.0,0.045466736,0.99388963,-0.100579016,0.0,-0.27476466,0.10924185,0.9552856,0.0,6.8089347,94.97189,-108.66634,1.0],"velocity":[2.2012272,65.67496]},{"matrix":[0.9828511,-0.06603199,0.17217301,0.0,0.08169186,0.99298275,-0.085508816,0.0,-0.1653185,0.09810757,0.9813484,0.0,6.164342,96.04069,-98.151306,1.0],"velocity":[-9.32034,60.66621]},{"matrix":[0.99614567,-0.050555386,0.07167968,0.0,0.05472842,0.99684423,-0.05750065,0.0,-0.06854652,0.06120194,0.9957689,0.0,4.063244,95.20137,-87.23416,1.0],"velocity":[-16.838486,76.45828]},{"matrix":[0.9940819,-0.065270066,-0.0868385,0.0,0.058500063,0.9952083,-0.078346126,0.0,0.09153606,0.07280242,0.99313694,0.0,0.45649266,93.5863,-72.30055,1.0],"velocity":[-26.844847,96.67959]},{"matrix":[0.9769472,-0.13586439,-0.1646665,0.0,0.11948736,0.98720133,-0.10562354,0.0,0.17690948,0.08351305,0.9806776,0.0,-3.9021828,93.70212,-58.335335,1.0],"velocity":[-18.468521,69.79292]},{"matrix":[0.99234563,-0.08115341,-0.09308231,0.0,0.07087971,0.99153155,-0.10881752,0.0,0.10112496,0.101386935,0.9896941,0.0,-5.6426964,94.95673,-47.879154,1.0],"velocity":[-2.6842153,58.917587]},{"matrix":[0.9973819,-0.0699884,-0.018190697,0.0,0.06856331,0.9952048,-0.06975971,0.0,0.022985838,0.068329856,0.99739796,0.0,-5.574253,95.03105,-37.12279,1.0],"velocity":[3.0539382,74.6529]},{"matrix":[0.98772913,-0.08247815,0.1326218,0.0,0.0919625,0.99350274,-0.067046106,0.0,-0.12623027,0.078419626,0.9888965,0.0,-4.2972097,93.59789,-22.664463,1.0],"velocity":[12.153355,98.67071]},{"matrix":[0.9690424,-0.013735265,0.24651194,0.0,0.0377749,0.9949439,-0.09305701,0.0,-0.24398738,0.099488154,0.9646617,0.0,-1.4528971,94.51848,-7.52065,1.0],"velocity":[16.562368,74.556915]},{"matrix":[0.9798164,-0.04679641,0.19434501,0.0,0.07018569,0.9908524,-0.11526281,0.0,-0.18717332,0.12657662,0.97413784,0.0,0.22316492,95.906555,4.155469,1.0],"velocity":[0.9946595,64.68286]}],"offsets":[0,105],"config":{"interval_time":0.1667,"num_points":7}},"pose_data":{"poses":[[0.236648,96.08627,5.031703,-7.308365,-10.085673,-4.351579,13.136505,-0.541048,1.313765,1.653503,-0.170426,-0.452088,1.652926,-0.174037,-0.449313,1.66941,3.125319,-0.419432,-3.222795,3.978008,-0.190459,0.000001,0.0,-0.0,0.011289,-9.636391,-20.279453,-22.20566,10.905032,-52.98714,-0.000006,-14.445034,0.000002,0.0,-0.000001,0.000001,0.9315,-3.909886,15.013454,21.455458,17.786707,46.931435,-0.000116,100.15932,0.00012,-0.0,-0.0,0.000001,-0.852111,0.40848,0.04711,23.439823,10.02335,-0.094131,-15.713188,2.569039,0.44917,-2.003099,0.000001,-0.0,0.0,0.0,-0.0,-12.674196,1.977038,-0.340448,53.353798,5.296407,0.389753,0.528867,-4.258068,10.879718,-26.523811,2.370439,-6.205544,-0.000002,0.0,0.0],[0.144038,96.23966,6.165995,-7.302276,-10.057602,-4.851789,13.064905,-0.81098,1.744439,1.615116,-0.218766,-0.286848,1.614075,-0.221206,-0.282405,1.828108,3.120058,-0.328029,-3.066237,3.963978,-0.099366,0.0,0.0,-0.0,0.021408,-9.748082,-19.90748,-22.239674,9.732868,-53.25224,-0.000003,-14.967893,0.000012,-0.000001,0.0,0.000001,0.937956,-3.962147,15.066701,21.477438,17.653097,47.067406,-0.000267,100.32871,0.000237,0.0,-0.000001,-0.0,0.54799,0.923884,0.657695,22.207685,9.550283,-0.197478,-15.912865,2.45671,0.58739,-1.964803,0.000001,-0.0,0.0,0.0,-0.0,-13.590582,1.89683,0.674846,50.235527,4.162555,0.295982,-2.676205,-4.345103,10.74361,-19.064688,1.836512,-6.656037,-0.000001,0.0,0.000001],[0.028308,96.3397,7.295007,-7.204499,-10.023728,-5.295799,12.90485,-1.126422,2.13171,1.588476,-0.27432,-0.140092,1.586966,-0.275686,-0.134035,1.956573,3.114279,-0.217224,-2.93999,3.948248,0.011108,0.000001,0.000001,-0.0,0.03254,-9.847699,-19.55263,-22.248045,8.543543,-53.440422,-0.000023,-15.559972,0.000021,-0.000001,-0.000001,0.0,0.95378,-4.071196,15.232903,21.473118,17.594038,47.119465,-0.000118,100.3913,0.000146,0.000001,0.000001,0.0,1.745355,1.398079,1.21918,21.178835,9.144233,-0.290778,-16.200872,2.3331,0.667258,-1.962267,0.000001,0.000001,0.0,0.0,-0.0,-14.634532,1.931817,1.522873,46.71376,2.942884,0.229785,-4.905579,-4.38956,11.166855,-10.67836,1.187537,-7.416683,0.000001,-0.000001,0.000001],[-0.110433,96.38332,8.420789,-7.009009,-9.941249,-5.659194,12.694065,-1.484094,2.465628,1.5683,-0.33621,-0.006623,1.566387,-0.336568,0.001027,2.064381,3.107958,-0.093503,-2.834463,3.931117,0.134469,0.000001,-0.0,-0.0,0.043759,-9.945913,-19.211184,-22.239439,7.361123,-53.570232,-0.000016,-16.19986,0.000002,0.0,0.0,-0.0,0.975865,-4.211212,15.468666,21.446522,17.570381,47.143867,-0.000515,100.404076,0.000476,-0.0,0.000001,0.000001,2.68859,1.808703,1.722854,20.464281,8.767484,-0.383679,-16.644304,2.206351,0.698329,-1.979797,0.000003,0.000001,0.0,0.0,-0.0,-15.86835,2.010896,2.228175,43.264828,1.714411,0.246863,-6.796393,-4.433517,11.406256,-4.084595,0.305033,-4.331819,0.0,0.000001,-0.000001],[-0.270328,96.446396,9.699391,-6.721771,-9.777744,-5.919135,12.432245,-1.89943,2.718748,1.5538,-0.406345,0.110706,1.551588,-0.405773,0.119928,2.1482,3.100574,0.044592,-2.753009,3.911927,0.272135,0.0,-0.0,-0.0,0.054102,-10.048964,-18.886986,-22.208153,6.206408,-53.626404,-0.000014,-16.894905,-0.000026,-0.000001,-0.0,-0.000001,1.004837,-4.379315,15.775497,21.388418,17.573137,47.16865,-0.000564,100.38017,0.000549,0.000001,0.0,-0.0,3.892086,2.30862,2.165454,19.192999,8.211394,-0.514309,-16.884123,2.078293,0.811856,-2.022831,0.000001,-0.0,-0.0,0.0,-0.0,-17.094635,2.085076,2.826876,39.991272,0.335512,0.134565,-9.001488,-4.495955,11.608573,0.990956,0.000013,-0.000012,-0.000001,0.000001,-0.000001],[-0.456435,96.45526,10.983751,-6.364632,-9.509919,-6.058152,12.129096,-2.377416,2.866709,1.542896,-0.484787,0.210446,1.54057,-0.483353,0.221201,2.207229,3.09109,0.195943,-2.69626,3.88968,0.422893,0.0,-0.0,-0.0,0.062723,-10.163685,-18.583405,-22.155828,5.105054,-53.601753,0.000009,-17.641716,0.000035,0.0,0.0,0.0,1.040176,-4.566602,16.141579,21.290838,17.585909,47.235867,-0.000043,100.34258,0.000056,0.000003,0.000001,-0.000002,4.932242,2.762023,2.532058,18.102873,7.594101,-0.65878,-17.157461,1.951344,0.906206,-2.108001,0.000001,-0.000001,0.0,0.0,-0.0,-18.392086,2.166613,3.326392,37.281715,-1.291497,-0.025224,-12.412794,-4.614798,11.557362,2.370357,0.000001,0.000003,0.000001,0.000001,-0.0],[-0.67152,96.41781,12.26951,-5.972708,-9.125979,-6.061252,11.801922,-2.906589,2.887763,1.533019,-0.569086,0.292485,1.530819,-0.566818,0.304702,2.242882,3.077955,0.356578,-2.662802,3.86307,0.582627,-0.0,-0.0,-0.0,0.069205,-10.294219,-18.302765,-22.095203,4.082981,-53.50012,0.000009,-18.42325,-0.000006,0.000001,-0.000001,0.000001,1.080114,-4.761013,16.543324,21.149666,17.59039,47.391014,0.000005,100.31848,0.000004,0.000001,0.000001,-0.0,5.919753,3.173867,2.810924,17.04853,6.889065,-0.821454,-17.443913,1.82659,0.99261,-2.189688,0.000002,-0.0,0.0,0.0,-0.0,-18.963968,2.280918,3.745754,32.716022,-3.157527,-0.253023,-14.61245,-4.589021,11.125963,3.303201,-0.000019,0.000015,0.000001,0.000001,-0.000001],[-0.916447,96.32762,13.56748,-5.585206,-8.629128,-5.918486,11.471186,-3.459325,2.769642,1.522323,-0.654345,0.357586,1.520529,-0.651298,0.371132,2.257928,3.059276,0.519942,-2.649695,3.830667,0.744623,0.000001,0.0,-0.0,0.073667,-10.439428,-18.04728,-22.05183,3.162349,-53.33702,-0.000022,-19.208546,-0.000049,0.000001,0.000001,-0.0,1.121981,-4.95083,16.951542,20.966784,17.57258,47.66867,0.000209,100.33271,-0.00022,0.000001,0.0,-0.0,6.904099,3.546367,2.986907,16.037764,6.097967,-1.001077,-17.769438,1.702366,1.069066,-2.257399,-0.000001,-0.0,0.0,0.0,-0.0,-18.682613,2.473199,3.933822,26.72625,-4.851177,-0.517268,-16.360062,-4.486064,10.544844,4.157616,0.000002,-0.000006,-0.0,0.0,-0.000001],[-1.190399,96.1795,14.876355,-5.23484,-8.043765,-5.636411,11.157134,-3.995625,2.52321,1.510897,-0.734328,0.406856,1.50978,-0.730558,0.421522,2.25552,3.033273,0.677612,-2.65375,3.791351,0.900302,0.000001,0.0,-0.0,0.076621,-10.591267,-17.819733,-22.062248,2.359945,-53.138447,-0.000008,-19.955524,-0.000002,-0.0,0.000001,-0.0,1.162919,-5.127706,17.339125,20.75125,17.528645,48.07939,0.000109,100.403015,-0.000086,0.0,0.0,0.0,7.915306,3.884889,3.058837,15.088416,5.232805,-1.193603,-18.167353,1.57217,1.136719,-2.279266,-0.000001,-0.0,0.0,-0.0,-0.0,-19.468925,2.606688,3.975277,23.142616,-6.133359,-0.782719,-17.706976,-4.283708,9.666682,3.467859,-0.000004,-0.000004,-0.0,0.000001,0.0],[-1.490319,95.97906,16.20512,-4.941075,-7.415219,-5.250608,10.877616,-4.473066,2.193064,1.501495,-0.803159,0.441441,1.501236,-0.798752,0.456953,2.23864,2.998871,0.820325,-2.671956,3.744792,1.040335,0.000001,-0.000001,0.0,0.077998,-10.735889,-17.62466,-22.168175,1.689179,-52.937546,0.000021,-20.616707,0.000006,0.000002,-0.0,-0.0,1.200688,-5.288111,17.686346,20.518833,17.467812,48.602505,0.00021,100.53711,-0.000178,0.000001,0.0,0.0,8.999339,4.199281,3.044601,14.158909,4.356,-1.386479,-18.620062,1.428018,1.173439,-2.263149,0.0,-0.000001,0.0,-0.0,-0.0,-20.614115,2.70617,3.82738,21.290216,-6.818026,-0.96819,-20.52891,-4.152496,8.923129,3.547351,0.000013,-0.000003,0.0,0.000001,-0.0],[-1.812886,95.73654,17.561493,-4.711843,-6.802225,-4.818254,10.645604,-4.857835,1.845198,1.499261,-0.857035,0.462691,1.499909,-0.852099,0.478733,2.210335,2.956094,0.939203,-2.701187,3.691829,1.155845,0.000001,0.0,0.0,0.078986,-10.858124,-17.46811,-22.407385,1.164584,-52.77067,-0.000019,-21.146545,0.000002,0.000001,-0.000001,0.0,1.234163,-5.432501,17.98472,20.28988,17.411098,49.188404,0.0,100.73187,0.000004,0.000001,0.0,-0.0,10.12836,4.497347,2.987011,13.323971,3.533338,-1.567581,-19.112885,1.256842,1.160858,-2.315037,0.000003,-0.0,0.0,0.0,-0.0,-21.464699,2.794469,3.551929,19.726343,-6.886059,-1.042244,-23.100857,-3.93408,7.965731,3.941061,-0.000005,-0.000002,0.0,0.0,0.0],[-2.154846,95.46381,18.958698,-4.552278,-6.254596,-4.407473,10.466689,-5.134129,1.552331,1.510447,-0.895284,0.472753,1.511855,-0.890261,0.488145,2.174402,2.906297,1.027026,-2.737571,3.634448,1.239748,0.000001,-0.0,-0.0,0.080933,-10.945843,-17.35723,-22.803225,0.806623,-52.673355,-0.000005,-21.508707,-0.000021,-0.000001,-0.0,0.000001,1.263319,-5.563143,18.236101,20.08633,17.385984,49.76863,0.000022,100.97378,-0.000023,0.000001,-0.0,0.0,11.427579,4.802347,2.930266,12.361337,2.818355,-1.727423,-19.599482,1.042326,1.087728,-2.536447,0.000002,-0.0,0.0,0.0,0.0,-21.990948,2.863927,3.208094,18.261147,-6.336148,-1.000912,-23.975283,-3.603712,7.000458,3.767758,-0.000005,-0.0,0.000001,0.0,-0.000001],[-2.512125,95.175835,20.4057,-4.473706,-5.786996,-4.087575,10.337506,-5.306708,1.383666,1.540248,-0.92032,0.474992,1.54212,-0.915134,0.490461,2.136367,2.851795,1.079446,-2.775755,3.575396,1.287903,-0.0,-0.0,-0.0,0.082686,-10.993308,-17.29909,-23.35578,0.643509,-52.67624,-0.000007,-21.680952,-0.000023,0.000001,-0.000001,0.0,1.288859,-5.68165,18.448795,19.928867,17.41839,50.271408,-0.000044,101.24071,0.00003,-0.0,0.0,0.0,12.955518,5.13607,2.927046,11.164864,2.257051,-1.858525,-19.983412,0.76716,0.960441,-2.959111,0.000002,-0.0,0.0,0.0,-0.0,-22.4355,2.886608,2.944936,17.421127,-5.291143,-0.883191,-23.164068,-3.193011,5.946572,3.056734,-0.000002,-0.000002,0.000003,-0.000001,0.0],[-2.88003,94.88965,21.901314,-4.492416,-5.365108,-3.91448,10.246176,-5.395969,1.392971,1.590426,-0.936114,0.476234,1.592349,-0.930635,0.492139,2.103629,2.79526,1.095963,-2.808272,3.517477,1.299994,0.000001,-0.0,0.0,0.082231,-11.003455,-17.297926,-24.03708,0.708126,-52.80148,0.000004,-21.657076,0.000011,-0.000001,0.0,-0.0,1.311501,-5.787104,18.632843,19.835073,17.524633,50.63683,0.000013,101.50539,0.000025,0.0,-0.000001,0.000001,14.445488,5.493942,3.067592,10.252356,1.861307,-1.961152,-20.250607,0.421063,0.74658,-3.456809,0.000001,-0.000001,0.0,-0.0,-0.0,-22.71873,2.863342,2.834199,17.071629,-4.031344,-0.748659,-20.602373,-2.795475,5.075843,1.916772,0.000004,-0.000002,0.000001,0.0,0.0],[-3.257707,94.62342,23.446426,-4.61811,-4.918664,-3.913055,10.174849,-5.427474,1.602928,1.657503,-0.946654,0.483182,1.658992,-0.941337,0.498672,2.084912,2.738983,1.080445,-2.826519,3.462617,1.280053,0.000001,0.0,0.0,0.079281,-10.987462,-17.352674,-24.791882,1.03001,-53.060104,-0.000024,-21.445879,-0.000002,0.000001,-0.000002,0.000001,1.331527,-5.875455,18.79555,19.818394,17.706669,50.827534,0.00013,101.7401,-0.00015,0.000001,-0.000002,0.000001,15.915008,5.893855,3.407268,9.578424,1.5919,-2.042519,-20.362358,-0.000401,0.427948,-4.218469,0.000002,0.000002,0.0,0.0,-0.0,-22.776438,2.794314,2.908438,17.096582,-2.895759,-0.634133,-16.540386,-2.458969,4.498597,0.548961,-0.000002,0.000001,0.000001,0.0,-0.0],[-3.647519,94.392105,25.040548,-4.841447,-4.377622,-4.076335,10.104816,-5.420762,2.002306,1.732296,-0.953844,0.504866,1.732925,-0.948823,0.519871,2.088631,2.68418,1.04102,-2.822145,3.411354,1.236221,0.000002,0.0,-0.0,0.074249,-10.959894,-17.455015,-25.544107,1.624249,-53.45155,0.000002,-21.068546,0.000015,0.0,-0.0,-0.0,1.348541,-5.940478,18.939205,19.88853,17.952473,50.832092,0.000306,101.92206,-0.00027,-0.0,-0.000001,0.000001,17.133577,6.332357,4.001721,9.655756,1.397741,-2.106867,-20.812704,-0.485758,-0.01767,-5.426172,-0.000004,-0.0,-0.0,0.0,-0.0,-22.536812,2.681553,3.168602,17.312222,-2.200744,-0.572019,-11.52592,-2.176861,4.181738,-0.737445,-0.000006,0.0,0.000002,-0.0,0.0],[-4.053279,94.20687,26.677685,-5.133733,-3.71553,-4.376957,10.022093,-5.383137,2.549694,1.801161,-0.95705,0.549121,1.800637,-0.952351,0.563626,2.120681,2.630822,0.989246,-2.789367,3.362618,1.18,-0.0,-0.0,-0.0,0.067298,-10.933118,-17.588037,-26.207565,2.481282,-53.96581,0.000005,-20.555508,0.000002,-0.000001,-0.000002,0.0,1.361667,-5.975832,19.0615,20.051935,18.241863,50.660908,0.000205,102.03784,-0.0002,-0.000001,-0.0,0.000001,18.115858,6.805488,4.85907,10.286123,1.202787,-2.166823,-21.247347,-1.030239,-0.556136,-7.193906,0.000001,0.000001,-0.0,0.0,-0.0,-21.954899,2.527746,3.602118,17.519749,-2.125369,-0.57865,-6.329018,-1.918522,3.946504,-1.596898,-0.000002,0.000001,-0.000002,-0.0,0.000001],[-4.47821,94.0738,28.347523,-5.458076,-2.972921,-4.783559,9.921603,-5.310753,3.183843,1.848755,-0.953793,0.620803,1.84698,-0.94939,0.634832,2.182488,2.577851,0.93857,-2.726862,3.314161,1.124671,-0.0,0.0,0.0,0.05958,-10.914086,-17.727133,-26.698763,3.561203,-54.586258,0.0,-19.94356,-0.000001,0.000002,-0.000001,0.0,1.369943,-5.97736,19.157887,20.31162,18.555279,50.33714,-0.000334,102.08579,0.000327,-0.000001,-0.000001,0.000001,18.878643,7.30412,5.932195,11.33297,1.175172,-2.194388,-21.529877,-1.693319,-1.310197,-8.826658,-0.000001,-0.000001,0.000001,-0.0,-0.0,-21.03552,2.335627,4.196338,17.570042,-2.637493,-0.64773,-1.717731,-1.676515,3.579625,-1.827797,-0.000001,-0.0,0.000002,-0.000001,0.0],[-4.923629,93.992195,30.039345,-5.782531,-2.239418,-5.269936,9.809092,-5.196787,3.839225,1.861742,-0.941614,0.719955,1.858784,-0.937398,0.733582,2.269845,2.523666,0.902323,-2.638922,3.263256,1.083421,-0.0,-0.0,-0.0,0.052922,-10.903475,-17.84294,-26.949566,4.794307,-55.293217,-0.000012,-19.27227,-0.000011,-0.0,0.0,0.0,1.372993,-5.945217,19.22551,20.665564,18.882055,49.886616,0.000045,102.07591,-0.000077,0.0,-0.000001,0.000001,19.356503,7.798578,7.174254,12.855136,1.159499,-2.212796,-21.62457,-2.284318,-2.158598,-10.924344,-0.000002,0.000001,0.000001,0.0,-0.0,-19.827332,2.106922,4.936709,17.390785,-3.520762,-0.756306,1.791598,-1.468804,2.974754,-1.51149,-0.000005,-0.000001,-0.0,-0.0,0.0],[-5.388176,93.95484,31.740692,-6.087247,-1.601885,-5.809556,9.701021,-5.041714,4.460268,1.832257,-0.920185,0.840969,1.828355,-0.915973,0.854338,2.37308,2.466763,0.891576,-2.535309,3.207462,1.067242,0.0,-0.0,-0.000001,0.049392,-10.898137,-17.906038,-26.918278,6.088596,-56.064735,0.000009,-18.578886,0.000015,-0.0,-0.000001,-0.0,1.371373,-5.884894,19.266567,21.10417,19.224258,49.33001,0.000033,102.027145,-0.00003,-0.000001,-0.0,0.000002,19.457933,8.240086,8.498735,15.017351,1.176673,-2.21807,-21.60339,-2.730057,-2.894398,-13.931656,0.000002,0.000002,0.0,-0.0,-0.0,-18.400354,1.844646,5.792069,16.976927,-4.489803,-0.880