{"joints":[{"name":"Model_Hips","offset":[0.0,96.91508,0.0],"parent_index":null,"pose_refs":[{"pose_index":0,"data_type":"PositionX"},{"pose_index":1,"data_type":"PositionY"},{"pose_index":2,"data_type":"PositionZ"},{"pose_index":3,"data_type":"RotationX"},{"pose_index":4,"data_type":"RotationY"},{"pose_index":5,"data_type":"RotationZ"}]},{"name":"Model_Spine","offset":[0.0,11.137703,-1.2899],"parent_index":0,"pose_refs":[{"pose_index":6,"data_type":"RotationX"},{"pose_index":7,"data_type":"RotationY"},{"pose_index":8,"data_type":"RotationZ"}]},{"name":"Model_Spine1","offset":[0.0,12.993942,-1.504922],"parent_index":1,"pose_refs":[{"pose_index":9,"data_type":"RotationX"},{"pose_index":10,"data_type":"RotationY"},{"pose_index":11,"data_type":"RotationZ"}]},{"name":"Model_Spine2","offset":[0.0,14.85022,-1.719911],"parent_index":2,"pose_refs":[{"pose_index":12,"data_type":"RotationX"},{"pose_index":13,"data_type":"RotationY"},{"pose_index":14,"data_type":"RotationZ"}]},{"name":"Model_Neck","offset":[0.0,16.706543,-1.934903],"parent_index":3,"pose_refs":[{"pose_index":15,"data_type":"RotationX"},{"pose_index":16,"data_type":"RotationY"},{"pose_index":17,"data_type":"RotationZ"}]},{"name":"Model_Head","offset":[0.0,10.471298,2.0021],"parent_index":4,"pose_refs":[{"pose_index":18,"data_type":"RotationX"},{"pose_index":19,"data_type":"RotationY"},{"pose_index":20,"data_type":"RotationZ"}]},{"name":"Model_HeadTop_End","offset":[0.0,20.842606,3.9851],"parent_index":5,"pose_refs":[{"pose_index":21,"data_type":"RotationX"},{"pose_index":22,"data_type":"RotationY"},{"pose_index":23,"data_type":"RotationZ"}]},{"name":"Model_LeftShoulder","offset":[7.0085,14.7686,-1.919946],"parent_index":3,"pose_refs":[{"pose_index":24,"data_type":"RotationX"},{"pose_index":25,"data_type":"RotationY"},{"pose_index":26,"data_type":"RotationZ"}]},{"name":"Model_LeftArm","offset":[14.126271,-3.718048,0.029937],"parent_index":7,"pose_refs":[{"pose_index":27,"data_type":"RotationX"},{"pose_index":28,"data_type":"RotationY"},{"pose_index":29,"data_type":"RotationZ"}]},{"name":"Model_LeftForeArm","offset":[28.2828,0.0,0.0],"parent_index":8,"pose_refs":[{"pose_index":30,"data_type":"RotationX"},{"pose_index":31,"data_type":"RotationY"},{"pose_index":32,"data_type":"RotationZ"}]},{"name":"Model_LeftHand","offset":[26.204689,0.0,0.0],"parent_index":9,"pose_refs":[{"pose_index":33,"data_type":"RotationX"},{"pose_index":34,"data_type":"RotationY"},{"pose_index":35,"data_type":"RotationZ"}]},{"name":"Model_RightShoulder","offset":[-7.0085,14.768555,-1.94984],"parent_index":3,"pose_refs":[{"pose_index":36,"data_type":"RotationX"},{"pose_index":37,"data_type":"RotationY"},{"pose_index":38,"data_type":"RotationZ"}]},{"name":"Model_RightArm","offset":[-14.126281,-3.718018,-0.029932],"parent_index":11,"pose_refs":[{"pose_index":39,"data_type":"RotationX"},{"pose_index":40,"data_type":"RotationY"},{"pose_index":41,"data_type":"RotationZ"}]},{"name":"Model_RightForeArm","offset":[-28.283798,0.0,-0.000001],"parent_index":12,"pose_refs":[{"pose_index":42,"data_type":"RotationX"},{"pose_index":43,"data_type":"RotationY"},{"pose_index":44,"data_type":"RotationZ"}]},{"name":"Model_RightHand","offset":[-26.204193,0.0,-0.000001],"parent_index":13,"pose_refs":[{"pose_index":45,"data_type":"RotationX"},{"pose_index":46,"data_type":"RotationY"},{"pose_index":47,"data_type":"RotationZ"}]},{"name":"Model_LeftUpLeg","offset":[8.3277,-6.193199,-0.4028],"parent_index":0,"pose_refs":[{"pose_index":48,"data_type":"RotationX"},{"pose_index":49,"data_type":"RotationY"},{"pose_index":50,"data_type":"RotationZ"}]},{"name":"Model_LeftLeg","offset":[0.735802,-42.10874,-0.610721],"parent_index":15,"pose_refs":[{"pose_index":51,"data_type":"RotationX"},{"pose_index":52,"data_type":"RotationY"},{"pose_index":53,"data_type":"RotationZ"}]},{"name":"Model_LeftFoot","offset":[-0.735806,-36.833748,-0.172876],"parent_index":16,"pose_refs":[{"pose_index":54,"data_type":"RotationX"},{"pose_index":55,"data_type":"RotationY"},{"pose_index":56,"data_type":"RotationZ"}]},{"name":"Model_LeftToeBase","offset":[-0.565857,-11.977769,16.297714],"parent_index":17,"pose_refs":[{"pose_index":57,"data_type":"RotationX"},{"pose_index":58,"data_type":"RotationY"},{"pose_index":59,"data_type":"RotationZ"}]},{"name":"Model_LeftToe_End","offset":[-0.111712,-0.312793,7.857784],"parent_index":18,"pose_refs":[{"pose_index":60,"data_type":"RotationX"},{"pose_index":61,"data_type":"RotationY"},{"pose_index":62,"data_type":"RotationZ"}]},{"name":"Model_RightUpLeg","offset":[-8.3277,-6.193199,-0.5165],"parent_index":0,"pose_refs":[{"pose_index":63,"data_type":"RotationX"},{"pose_index":64,"data_type":"RotationY"},{"pose_index":65,"data_type":"RotationZ"}]},{"name":"Model_RightLeg","offset":[-0.735785,-42.108738,-0.434061],"parent_index":20,"pose_refs":[{"pose_index":66,"data_type":"RotationX"},{"pose_index":67,"data_type":"RotationY"},{"pose_index":68,"data_type":"RotationZ"}]},{"name":"Model_RightFoot","offset":[0.735776,-36.833748,-0.02163],"parent_index":21,"pose_refs":[{"pose_index":69,"data_type":"RotationX"},{"pose_index":70,"data_type":"RotationY"},{"pose_index":71,"data_type":"RotationZ"}]},{"name":"Model_RightToeBase","offset":[0.565817,-11.977745,15.903093],"parent_index":22,"pose_refs":[{"pose_index":72,"data_type":"RotationX"},{"pose_index":73,"data_type":"RotationY"},{"pose_index":74,"data_type":"RotationZ"}]},{"name":"Model_RightToe_End","offset":[0.111702,-0.312791,7.811342],"parent_index":23,"pose_refs":[{"pose_index":75,"data_type":"RotationX"},{"pose_index":76,"data_type":"RotationY"},{"pose_index":77,"data_type":"RotationZ"}]}],"trajectory_data":{"points":[{"matrix":[0.99515766,-0.03580746,-0.09153729,0.0,0.012556749,0.9699655,-0.24291806,0.0,0.097486295,0.24059235,0.96571827,0.0,-0.399525,94.90331,-0.670374,1.0],"velocity":[2.0658176,69.76169]},{"matrix":[0.99506736,-0.08879175,-0.04423721,0.0,0.07894828,0.97883123,-0.1888294,0.0,0.06006726,0.18440552,0.981013,0.0,0.35326594,94.59497,11.355378,1.0],"velocity":[10.193618,86.09768]},{"matrix":[0.9957628,-0.06853035,0.06131836,0.0,0.0783378,0.98138785,-0.1753313,0.0,-0.04816158,0.17939192,0.98259807,0.0,2.429199,93.559875,28.953388,1.0],"velocity":[13.011888,110.046936]},{"matrix":[0.99233323,0.0015903749,0.123580754,0.0,0.026266038,0.9743612,-0.22345118,0.0,-0.12076765,0.224984,0.9668492,0.0,4.6012406,93.75998,42.91964,1.0],"velocity":[11.687962,73.37805]},{"matrix":[0.9958214,-0.03749103,0.08327172,0.0,0.056337804,0.969857,-0.23707277,0.0,-0.07187355,0.24077347,0.9679165,0.0,5.5633698,94.798676,54.196537,1.0],"velocity":[2.9234493,57.937305]},{"matrix":[0.9986136,-0.0018031336,0.052608307,0.0,0.0117610665,0.98179126,-0.18959859,0.0,-0.0513085,0.18995446,0.9804513,0.0,5.5327826,93.994,63.84029,1.0],"velocity":[-5.3197083,61.61216]},{"matrix":[0.9994912,0.018921755,-0.0256754,0.0,-0.022589654,0.9882671,-0.15105559,0.0,0.022515917,0.15155874,0.9881918,0.0,3.3113728,92.94364,75.416046,1.0],"velocity":[-18.228,78.699905]},{"matrix":[0.9968024,-0.044098303,-0.06663551,0.0,0.03317278,0.9870449,-0.15697776,0.0,0.0726947,0.15426533,0.98535156,0.0,0.19766521,93.334694,86.98146,1.0],"velocity":[-17.994362,51.29689]},{"matrix":[0.9928552,-0.0418878,-0.11173162,0.0,0.02141231,0.98370403,-0.17851593,0.0,0.11738849,0.17484803,0.97757256,0.0,-1.4615568,93.57403,93.88235,1.0],"velocity":[-3.1768808,36.898678]},{"matrix":[0.99667615,-0.008595586,-0.08101127,0.0,-0.005291464,0.9854877,-0.1696643,0.0,0.08129398,0.16952902,0.9821666,0.0,-1.1508541,94.7595,99.61264,1.0],"velocity":[9.754846,37.276783]},{"matrix":[0.99854904,-0.031408753,-0.043741427,0.0,0.023047285,0.9833967,-0.1799992,0.0,0.048668727,0.17872992,0.98269373,0.0,0.70051,95.56958,105.68572,1.0],"velocity":[12.203454,31.994295]},{"matrix":[0.99932295,-0.028910914,0.02275468,0.0,0.032237504,0.986121,-0.1628684,0.0,-0.017730195,0.16349168,0.9863854,0.0,2.8185825,96.640755,109.97506,1.0],"velocity":[10.474583,17.319143]},{"matrix":[0.99732447,-0.024646372,0.06882204,0.0,0.034405578,0.9889159,-0.14443536,0.0,-0.06449941,0.14641677,0.987118,0.0,4.247468,97.09663,111.95738,1.0],"velocity":[6.350686,6.211729]},{"matrix":[0.9953059,-0.03016537,0.09195754,0.0,0.041665394,0.9911771,-0.12582538,0.0,-0.08735064,0.1290662,0.9877812,0.0,4.992105,97.39925,112.137886,1.0],"velocity":[2.3384104,-2.6714556]},{"matrix":[0.9934447,-0.03068105,0.110119805,0.0,0.043292236,0.9925341,-0.11402538,0.0,-0.10579924,0.11804523,0.987356,0.0,5.193855,97.329735,111.52083,1.0],"velocity":[0.3327017,-5.9196815]},{"matrix":[0.9936871,-0.028505664,0.108505376,0.0,0.039440308,0.9942052,-0.100002855,0.0,-0.105025955,0.10365103,0.9890531,0.0,5.2129774,97.46115,110.474045,1.0],"velocity":[-0.123536505,-5.7489395]},{"matrix":[0.9950299,-0.02467155,0.09647176,0.0,0.03352999,0.9952579,-0.09130949,0.0,-0.09376153,0.09409037,0.99113864,0.0,5.2319503,97.53767,109.59296,1.0],"velocity":[0.36236992,-4.8938537]},{"matrix":[0.9957114,-0.02481347,0.08912415,0.0,0.033158846,0.9950751,-0.093413234,0.0,-0.08636732,0.095967874,0.9916304,0.0,5.2901073,97.623695,108.949486,1.0],"velocity":[0.41003364,-2.521312]},{"matrix":[0.99145544,0.06947268,-0.11040705,0.0,-0.07611684,0.99546003,-0.05714471,0.0,0.105935805,0.065060265,0.9922423,0.0,-0.170417,96.33266,0.305551,1.0],"velocity":[3.6166077,-22.660587]},{"matrix":[0.9774608,0.03904819,0.20747447,0.0,-0.031508196,0.9987217,-0.03952413,0.0,-0.2087526,0.03209614,0.97744167,0.0,2.2466419,96.649284,-3.8003712,1.0],"velocity":[21.721182,-25.326385]},{"matrix":[0.9101321,0.03126578,0.41313678,0.0,-0.010232983,0.9985407,-0.053025518,0.0,-0.41419178,0.044032607,0.9091239,0.0,4.6456065,96.719536,-7.534181,1.0],"velocity":[-1.268724,-20.712791]},{"matrix":[0.80804443,0.040539924,0.587725,0.0,0.012404093,0.9962376,-0.08577218,0.0,-0.58899087,0.07659794,0.8045014,0.0,4.097761,96.09832,-10.580817,1.0],"velocity":[1.2453785,-3.5722592]},{"matrix":[0.5247538,0.07010919,0.848362,0.0,0.0324238,0.99423325,-0.1022198,0.0,-0.8506363,0.08114735,0.5194545,0.0,3.7794273,96.78101,-7.527658,1.0],"velocity":[-25.171965,52.573483]},{"matrix":[0.15661788,0.07031013,0.9851535,0.0,0.05443427,0.9953323,-0.07969046,0.0,-0.9861581,0.066107064,0.15205956,0.0,0.09520221,96.402145,-1.1216836,1.0],"velocity":[-9.146638,18.44381]},{"matrix":[-0.024253488,0.05917774,0.9979529,0.0,0.043301545,0.99737173,-0.058090918,0.0,-0.9987677,0.041803993,-0.026752234,0.0,1.1493398,96.244576,0.36016476,1.0],"velocity":[25.076265,13.8599615]},{"matrix":[0.99854016,0.026079338,0.04730146,0.0,-0.026886389,0.9995022,0.01650656,0.0,-0.046847437,-0.017754227,0.99874425,0.0,0.181259,95.91448,0.730407,1.0],"velocity":[2.9529004,91.1302]},{"matrix":[0.924539,-0.03413523,-0.3795555,0.0,0.035692044,0.99935853,-0.002936719,0.0,0.37941226,-0.010832,0.92516434,0.0,-1.0832375,92.31658,15.594236,1.0],"velocity":[-22.941442,72.98994]},{"matrix":[0.4462241,-0.02835708,-0.89447194,0.0,0.05044146,0.99870586,-0.0064978953,0.0,0.8934986,-0.042218953,0.44707704,0.0,-4.0886226,92.12376,22.972202,1.0],"velocity":[-8.144741,32.845947]},{"matrix":[-0.2960949,-0.011445919,-0.95509,0.0,0.045117825,0.9986444,-0.025955208,0.0,0.9540923,-0.050776787,-0.2951771,0.0,-3.5042148,96.058044,26.383183,1.0],"velocity":[11.351483,-2.6166394]},{"matrix":[-0.6466992,0.007571131,-0.7627077,0.0,0.062192082,0.9971446,-0.042834297,0.0,0.7602056,-0.07513528,-0.6453234,0.0,-1.286499,94.170555,20.04018,1.0],"velocity":[13.228298,-88.41724]},{"matrix":[-0.876542,0.026172115,-0.48061326,0.0,0.054023243,0.99756074,-0.04420471,0.0,0.47828397,-0.06471157,-0.87581766,0.0,-0.24130607,93.18999,4.5530567,1.0],"velocity":[0.65950626,-87.45415]},{"matrix":[0.9985534,0.026060347,0.047032118,0.0,-0.026861515,0.99950325,0.016483504,0.0,-0.04657919,-0.017723013,0.99875736,0.0,-0.18072516,95.91543,-9.6961,1.0],"velocity":[2.9529004,91.1302]},{"matrix":[0.9998221,-0.018709887,0.002386578,0.0,0.01876662,0.9994724,-0.026509155,0.0,-0.0018893355,0.026549228,0.9996457,0.0,0.191895,95.95428,0.742339,1.0],"velocity":[5.310855,-1.2394563]},{"matrix":[0.99969226,-0.024769554,0.0013450859,0.0,0.02479886,0.9992376,-0.030152787,0.0,-0.0005971894,0.030176863,0.9995444,0.0,0.95408547,95.84782,0.84897596,1.0],"velocity":[3.6137862,1.431091]},{"matrix":[0.999517,-0.031011848,-0.0019997663,0.0,0.030924423,0.9989254,-0.034521643,0.0,0.0030681973,0.03444313,0.9994019,0.0,1.4256698,95.49514,1.0462835,1.0],"velocity":[1.6782855,0.9568572]},{"matrix":[0.99944407,-0.033239335,-0.002580674,0.0,0.03312374,0.9987902,-0.036344964,0.0,0.003785634,0.036239278,0.99933594,0.0,1.5478115,95.073875,1.1669765,1.0],"velocity":[-0.050639097,0.31631553]},{"matrix":[0.999377,-0.035284434,0.00079921156,0.0,0.035289455,0.99866474,-0.03772765,0.0,0.00053305423,0.03773235,0.9992877,0.0,1.4745878,94.778786,1.1648812,1.0],"velocity":[-0.89254266,-0.06480088]},{"matrix":[0.9992775,-0.037913494,0.0026537296,0.0,0.03799279,0.9983438,-0.04319838,0.0,-0.0010115333,0.04326799,0.999063,0.0,1.2612287,94.6103,1.1984795,1.0],"velocity":[-1.808066,0.26399562]},{"matrix":[0.9993059,-0.03698855,0.004418044,0.0,0.037160322,0.9981166,-0.048809797,0.0,-0.002604319,0.048940092,0.9987983,0.0,0.89351386,94.48789,1.2380906,1.0],"velocity":[-2.598787,0.19817911]},{"matrix":[0.9993124,-0.036765054,0.0048043365,0.0,0.03696984,0.9978803,-0.053555492,0.0,-0.0028251822,0.053696286,0.99855334,0.0,0.40839458,94.37248,1.2258226,1.0],"velocity":[-3.3393533,-0.4396661]},{"matrix":[0.9993999,-0.034299742,0.004833449,0.0,0.03451654,0.9978396,-0.055898376,0.0,-0.0029057073,0.056031667,0.99842477,0.0,-0.19978762,94.3212,1.1249715,1.0],"velocity":[-4.001261,-0.7395454]},{"matrix":[0.99949247,-0.031554736,0.00437596,0.0,0.031740695,0.9981251,-0.052333638,0.0,-0.0027163818,0.05244597,0.9986201,0.0,-0.9073757,94.371025,0.955321,1.0],"velocity":[-4.5819297,-1.4695494]},{"matrix":[0.99968547,-0.024933148,0.0027011533,0.0,0.025033485,0.9985535,-0.047583405,0.0,-0.001510842,0.04763606,0.99886364,0.0,-1.7256562,94.56297,0.68952614,1.0],"velocity":[-5.1410556,-1.4187316]},{"matrix":[0.99979556,-0.019834293,-0.003933346,0.0,0.019641181,0.99882907,-0.044212263,0.0,0.004805659,0.04412597,0.99901444,0.0,-2.606775,94.79438,0.47845235,1.0],"velocity":[-5.53584,-1.1709379]},{"matrix":[0.9998697,-0.014999061,-0.0059639104,0.0,0.014754943,0.99912786,-0.03906161,0.0,0.0065445965,0.038968522,0.999219,0.0,-3.5719705,95.02674,0.31041738,1.0],"velocity":[-6.052688,-0.78166413]},{"matrix":[0.99994385,-0.009388236,-0.004909636,0.0,0.009193223,0.9992225,-0.038338836,0.0,0.0052657533,0.038291547,0.99925274,0.0,-4.6244035,95.222855,0.22995402,1.0],"velocity":[-6.5973015,0.1307971]},{"matrix":[0.9999767,0.00087374076,-0.0067728506,0.0,-0.0011349015,0.9992521,-0.038652536,0.0,0.0067340126,0.038659323,0.9992297,0.0,-5.7506886,95.53679,0.32320854,1.0],"velocity":[-6.878992,0.7773441]},{"matrix":[0.9998538,0.01272399,-0.011425774,0.0,-0.01315891,0.9991591,-0.038832862,0.0,0.010922057,0.038977537,0.9991804,0.0,-6.8996124,95.93733,0.50940853,1.0],"velocity":[-6.870152,1.7508253]},{"matrix":[0.9996236,0.024004696,-0.013283032,0.0,-0.02449431,0.99897695,-0.038014904,0.0,0.012356906,0.03832595,0.9991889,0.0,-8.028613,96.069595,0.80178094,1.0],"velocity":[-6.676522,1.3098933]},{"matrix":[0.9991245,0.036151394,-0.021055043,0.0,-0.0368973,0.99866366,-0.036186956,0.0,0.019718695,0.036932148,0.9991232,0.0,-9.113795,96.00152,0.96930856,1.0],"velocity":[-6.1728773,0.8575638]},{"matrix":[0.9986616,0.039973248,-0.032820977,0.0,-0.041188862,0.99845725,-0.037236933,0.0,0.03128186,0.03853895,0.9987673,0.0,-10.063565,95.81801,1.0672753,1.0],"velocity":[-5.111802,0.031978447]},{"matrix":[0.99866855,0.035246573,-0.03766629,0.0,-0.036615767,0.99866986,-0.036300987,0.0,0.036336705,0.037631832,0.9986308,0.0,-10.852571,95.41502,0.9875231,1.0],"velocity":[-4.297514,-0.8661431]},{"matrix":[0.9988666,0.028511796,-0.038111873,0.0,-0.029984873,0.9988026,-0.038655452,0.0,0.036964104,0.03975442,0.99852556,0.0,-11.495639,94.87442,0.87823313,1.0],"velocity":[-3.4869452,-0.51946914]},{"matrix":[0.9988467,0.023751426,-0.041726287,0.0,-0.025521088,0.9987746,-0.042403348,0.0,0.040668014,0.043419346,0.99822885,0.0,-11.655334,94.462906,0.7666414,1.0],"velocity":[1.7259635,-0.62308615]},{"matrix":[0.9989743,0.020181902,-0.040534355,0.0,-0.0219622,0.9987916,-0.043966673,0.0,0.03959804,0.0448118,0.9982104,0.0,-11.141207,94.71289,0.6860399,1.0],"velocity":[4.639285,-0.50884783]},{"matrix":[0.99920624,0.016820237,-0.036110166,0.0,-0.018059958,0.9992489,-0.03428447,0.0,0.03550637,0.0349094,0.99875957,0.0,-10.218413,95.04179,0.51744586,1.0],"velocity":[6.403242,-1.584689]},{"matrix":[0.9995177,0.015717607,-0.026783675,0.0,-0.016327731,0.99960864,-0.022715397,0.0,0.02641616,0.023141757,0.99938315,0.0,-9.05726,95.45281,0.2936599,1.0],"velocity":[7.4930987,-1.0202794]},{"matrix":[0.9997372,0.013085874,-0.018821076,0.0,-0.013382396,0.9997869,-0.01571611,0.0,0.018611405,0.015963852,0.99969935,0.0,-7.7862983,95.67283,0.14693987,1.0],"velocity":[7.60954,-0.7454247]},{"matrix":[0.9997417,0.009136492,-0.020810036,0.0,-0.009265631,0.99993837,-0.0061176578,0.0,0.02075286,0.0063088955,0.99976474,0.0,-6.539863,96.05621,0.04724758,1.0],"velocity":[7.436108,0.104577914]},{"matrix":[0.9996932,0.004298704,-0.024393642,0.0,-0.004295846,0.99999076,0.00016956328,0.0,0.024394145,-0.000064719934,0.9997024,0.0,-5.29859,96.165634,0.21110728,1.0],"velocity":[7.652712,1.6398278]},{"matrix":[0.9997852,-0.0042303833,-0.020288877,0.0,0.0042318976,0.99999106,0.000031682972,0.0,0.02028856,-0.00011753662,0.9997942,0.0,-3.9556212,96.33102,0.48542657,1.0],"velocity":[8.503806,1.2837332]},{"matrix":[0.9998533,-0.012471301,-0.011738596,0.0,0.01242181,0.9999137,-0.0042796377,0.0,0.0117909545,0.0041331956,0.9999219,0.0,-2.4399626,96.482574,0.5900162,1.0],"velocity":[9.925491,-0.20777765]},{"matrix":[0.99973965,-0.021905195,0.0063863965,0.0,0.021957312,0.9997252,-0.008208265,0.0,-0.006204838,0.0083463555,0.99994594,0.0,-0.6501968,96.47328,0.42613304,1.0],"velocity":[11.663947,-1.9117421]},{"matrix":[0.9992285,-0.029063387,0.02641477,0.0,0.029503169,0.9994299,-0.016414592,0.0,-0.025922649,0.017181246,0.9995163,0.0,1.3621526,96.198395,0.039306194,1.0],"velocity":[12.256078,-2.8533032]},{"matrix":[0.9982444,-0.038832415,0.044723377,0.0,0.039802853,0.99898654,-0.021016166,0.0,-0.04386194,0.02275939,0.99877834,0.0,3.3465495,95.805824,-0.48331037,1.0],"velocity":[11.16326,-3.1482587]},{"matrix":[0.99675775,-0.050817117,0.06238303,0.0,0.052647755,0.99821883,-0.028059745,0.0,-0.060845997,0.031253096,0.9976578,0.0,4.995743,95.15932,-0.9571457,1.0],"velocity":[7.9321995,-2.3593922]},{"matrix":[0.99546534,-0.055137545,0.07751511,0.0,0.057923168,0.9977365,-0.03415802,0.0,-0.07545626,0.038493045,0.99640584,0.0,5.9393945,94.72467,-1.2156558,1.0],"velocity":[2.6407287,-0.403668]},{"matrix":[0.9957113,-0.05101189,0.07717962,0.0,0.053652138,0.99802965,-0.032530114,0.0,-0.07536813,0.036531456,0.99648637,0.0,5.8614936,94.6502,-1.2012036,1.0],"velocity":[-4.100136,0.3857941]},{"matrix":[0.9968834,-0.040198863,0.06787855,0.0,0.04224538,0.9986867,-0.02898781,0.0,-0.06662413,0.03176502,0.9972724,0.0,4.7614746,95.11696,-1.0919453,1.0],"velocity":[-9.160841,0.99633855]},{"matrix":[0.997782,-0.029922167,0.059462592,0.0,0.031387087,0.9992226,-0.02385641,0.0,-0.05870253,0.025669852,0.9979454,0.0,2.993666,95.50407,-0.88055605,1.0],"velocity":[-12.035511,1.7295862]},{"matrix":[0.998194,-0.02000607,0.056644328,0.0,0.02121924,0.9995564,-0.020897469,0.0,-0.056201123,0.022061678,0.9981757,0.0,0.87001586,95.82354,-0.5579843,1.0],"velocity":[-13.242274,1.889904]},{"matrix":[0.9987233,-0.008019574,0.04987371,0.0,0.009141866,0.9997092,-0.022315426,0.0,-0.049680248,0.022742877,0.9985062,0.0,-1.3025906,95.94471,-0.24734253,1.0],"velocity":[-12.483353,2.0461986]},{"matrix":[0.9991209,0.004327553,0.041698184,0.0,-0.0034491855,0.9997711,-0.021113843,0.0,-0.041780014,0.020951457,0.99890715,0.0,-3.2093067,96.00872,0.107358366,1.0],"velocity":[-10.047526,1.7367257]},{"matrix":[0.9993825,0.016095152,0.031233747,0.0,-0.015508229,0.99970025,-0.018943474,0.0,-0.03152928,0.018447395,0.99933255,0.0,-4.7813377,96.19402,0.2664697,1.0],"velocity":[-8.643722,0.2913554]},{"matrix":[0.999404,0.021148792,0.02728223,0.0,-0.02059888,0.99958205,-0.020282477,0.0,-0.02769978,0.019708406,0.99942195,0.0,-6.1285615,96.26827,0.28012848,1.0],"velocity":[-7.53999,-0.3059946]},{"matrix":[0.99946576,0.024061438,0.022119284,0.0,-0.023558032,0.99946374,-0.02274435,0.0,-0.022654682,0.022211112,0.9994966,0.0,-7.2842975,96.1767,0.08920768,1.0],"velocity":[-6.171647,-2.0688186]},{"matrix":[0.9997136,0.021747999,0.009988349,0.0,-0.021488834,0.9994474,-0.025359802,0.0,-0.010534354,0.025137901,0.9996285,0.0,-8.230703,95.87952,-0.28505898,1.0],"velocity":[-5.103048,-2.2350152]},{"matrix":[0.99979794,0.017102133,-0.0105663175,0.0,-0.017395876,0.9994463,-0.028363373,0.0,0.010075393,0.028541453,0.9995418,0.0,-8.985498,95.7196,-0.5938035,1.0],"velocity":[-3.9213543,-1.2082539]},{"matrix":[0.9991442,0.014034145,-0.03890939,0.0,-0.015341524,0.9993207,-0.033508178,0.0,0.038412698,0.034076434,0.9986808,0.0,-9.579947,95.35098,-0.738928,1.0],"velocity":[-3.140711,-0.8488021]},{"matrix":[0.99806434,0.0154525675,-0.06023924,0.0,-0.017558537,0.9992474,-0.034588948,0.0,0.059659414,0.03557971,0.9975845,0.0,-10.035175,95.13212,-0.92295074,1.0],"velocity":[-2.2409947,-1.1324776]},{"matrix":[0.99715716,0.015032151,-0.073835105,0.0,-0.017517567,0.9992975,-0.033130247,0.0,0.07328522,0.034329478,0.99672,0.0,-10.314567,95.045074,-1.0416986,1.0],"velocity":[-1.0519772,0.041154996]},{"matrix":[0.99622303,0.01305166,-0.08584487,0.0,-0.015671965,0.9994294,-0.02992094,0.0,0.08540537,0.031153288,0.99585915,0.0,-10.375307,95.18607,-0.86171675,1.0],"velocity":[0.790256,2.267834]},{"matrix":[0.995268,0.011119913,-0.09652985,0.0,-0.013945319,0.9994924,-0.02864462,0.0,0.09616233,0.029855212,0.9949178,0.0,-10.086352,95.25083,-0.31926227,1.0],"velocity":[2.6918828,4.243356]},{"matrix":[0.994365,0.013085624,-0.10519993,0.0,-0.015954161,0.9995222,-0.02647234,0.0,0.104803264,0.028001545,0.99409866,0.0,-9.506413,95.54415,0.39477605,1.0],"velocity":[4.4588723,4.2033973]},{"matrix":[0.9948648,0.012388835,-0.10045141,0.0,-0.014723156,0.9996377,-0.022530323,0.0,0.10013589,0.02389359,0.99468684,0.0,-8.65755,95.80228,1.1137242,1.0],"velocity":[5.691663,4.371148]},{"matrix":[0.99548596,0.015061857,-0.09370628,0.0,-0.017483803,0.9995326,-0.025079036,0.0,0.09328474,0.02660417,0.99528396,0.0,-7.635567,96.260345,1.7661613,1.0],"velocity":[6.6632752,3.131277]},{"matrix":[0.9971108,0.013867448,-0.07468421,0.0,-0.01582168,0.99954605,-0.025638815,0.0,0.07429477,0.02674637,0.9968776,0.0,-6.45277,96.36414,2.1585753,1.0],"velocity":[7.3936515,1.5395715]},{"matrix":[0.9982609,0.015533432,-0.056866843,0.0,-0.016890105,0.99958223,-0.023454582,0.0,0.056478757,0.024374278,0.99810624,0.0,-5.2019296,96.444626,2.361801,1.0],"velocity":[7.8205934,0.8915914]},{"matrix":[0.9993922,0.0062576258,-0.034294106,0.0,-0.007127777,0.99965423,-0.02530998,0.0,0.034123868,0.025539037,0.99909127,0.0,-3.8588166,96.442444,2.3714259,1.0],"velocity":[8.034265,-1.1410533]},{"matrix":[0.9998986,-0.0016854933,-0.014139569,0.0,0.0013681283,0.9997476,-0.022424884,0.0,0.014173797,0.022403266,0.9996485,0.0,-2.5520875,96.2818,2.0549772,1.0],"velocity":[7.6266913,-2.5413673]},{"matrix":[0.99994344,-0.008094794,-0.0069018593,0.0,0.007938714,0.9997187,-0.022349468,0.0,0.0070808325,0.02229341,0.9997264,0.0,-1.3362608,96.15823,1.5600374,1.0],"velocity":[6.833982,-3.4473567]},{"matrix":[0.99989694,-0.014355652,0.00014665836,0.0,0.014354842,0.99958557,-0.024952551,0.0,0.00021161255,0.024952086,0.9996886,0.0,-0.26372147,96.049545,0.9423871,1.0],"velocity":[5.9359813,-4.0571823]},{"matrix":[0.9915705,0.014646098,-0.12873787,0.0,0.019547414,0.9653086,0.26037902,0.0,0.12808532,-0.26070064,0.9568852,0.0,0.45253,96.26111,95.18525,1.0],"velocity":[0.7196259,215.72461]},{"matrix":[0.993235,-0.023502158,-0.113718465,0.0,0.05181168,0.96611327,0.25286505,0.0,0.10392204,-0.25704637,0.96079516,0.0,0.9003866,99.08359,137.47905,1.0],"velocity":[-2.3469148,276.78036]},{"matrix":[0.9983608,-0.0070558353,-0.056796804,0.0,0.01648826,0.9857568,0.16736673,0.0,0.054806925,-0.16802888,0.98425734,0.0,0.13149518,91.63797,180.16237,1.0],"velocity":[-6.0115795,243.9905]},{"matrix":[0.9916186,0.09648292,0.08592836,0.0,-0.11226714,0.9726207,0.20348208,0.0,-0.063943155,-0.21142353,0.97530067,0.0,0.48680288,98.57984,217.99834,1.0],"velocity":[3.6405468,237.59566]},{"matrix":[0.99664557,0.06744205,-0.04635954,0.0,-0.05557064,0.9735496,0.2216146,0.0,0.060079455,-0.21829498,0.9740317,0.0,-0.15574795,95.47733,259.3311,1.0],"velocity":[3.1907964,209.0034]},{"matrix":[0.99043477,-0.0018300787,-0.13796955,0.0,0.03840196,0.9640622,0.2628865,0.0,0.13253012,-0.2656702,0.95491105,0.0,0.4645158,96.978096,294.53604,1.0],"velocity":[-1.9002821,230.33293]},{"matrix":[0.9934273,-0.02304013,-0.112122014,0.0,0.049641535,0.96934325,0.24064375,0.0,0.10314025,-0.244628,0.9641158,0.0,0.8608889,98.37354,337.853,1.0],"velocity":[-4.0256186,269.0443]},{"matrix":[0.9993524,0.0053073447,-0.03558902,0.0,0.0007795661,0.9856368,0.16887726,0.0,0.03597414,-0.16879563,0.98499435,0.0,0.030831575,91.78298,379.98834,1.0],"velocity":[-5.267655,253.45686]},{"matrix":[0.9921633,0.09315694,0.08326952,0.0,-0.10880942,0.9717772,0.20930737,0.0,-0.061420992,-0.21672758,0.974298,0.0,0.54674995,99.276794,417.71625,1.0],"velocity":[-2.8284652,244.0619]},{"matrix":[0.9966807,0.07196248,-0.038066532,0.0,-0.06149114,0.9718838,0.22728997,0.0,0.053352598,-0.22419477,0.97308284,0.0,-0.102363825,94.53594,458.5718,1.0],"velocity":[1.151857,228.02219]},{"matrix":[0.9796684,-0.0563338,-0.19255218,0.0,0.049174156,0.9979166,-0.04176566,0.0,0.19450384,0.03144791,0.9803975,0.0,-0.229424,91.60364,-0.496276,1.0],"velocity":[1.0022804,-2.334253]},{"matrix":[0.98493344,-0.0189774,-0.17188933,0.0,0.028399512,0.99821585,0.052522674,0.0,0.1705859,-0.05661291,0.9837151,0.0,-0.13983162,91.49269,-0.8432825,1.0],"velocity":[-0.05417954,-2.2172558]},{"matrix":[0.973248,0.04782002,-0.22472563,0.0,-0.023785379,0.9938155,0.10846652,0.0,0.22852269,-0.10021964,0.9683664,0.0,-1.2009928,90.90495,-2.3386216,1.0],"velocity":[-3.430856,-23.91696]},{"matrix":[0.9879864,0.15374482,0.015664754,0.0,-0.15414193,0.9730831,0.17131718,0.0,0.011096021,-0.17167364,0.9850914,0.0,-0.51053905,84.43244,-8.897624,1.0],"velocity":[22.361553,-55.540676]},{"matrix":[0.84721595,0.051808912,0.5287163,0.0,-0.09496984,0.99397177,0.054780543,0.0,-0.522691,-0.09662305,0.84702903,0.0,-0.862701,76.120995,-13.309382,1.0],"velocity":[-66.65039,13.2998295]},{"matrix":[0.5569807,0.08066632,0.8265987,0.0,-0.24763961,0.9661296,0.072582215,0.0,-0.7927466,-0.24512547,0.55809176,0.0,-24.156277,76.538246,-6.8459735,1.0],"velocity":[-246.84299,64.05952]},{"matrix":[0.12801516,-0.044916205,0.9907548,0.0,-0.21822381,0.9732156,0.07231779,0.0,-0.9674662,-0.22546405,0.11478454,0.0,-61.976883,79.76519,-5.6734233,1.0],"velocity":[-199.0136,1.4300538]},{"matrix":[-0.027956486,0.22777456,0.97331244,0.0,-0.29278868,0.92912304,-0.22584313,0.0,-0.9557684,-0.29128867,0.04071486,0.0,-103.52708,81.28233,-6.6895514,1.0],"velocity":[-367.33566,-0.91834146]},{"matrix":[0.2910251,0.29890248,0.90882444,0.0,-0.28339663,0.9342423,-0.21651249,0.0,-0.9137784,-0.19454716,0.35659587,0.0,-161.7479,81.48654,-3.607764,1.0],"velocity":[-300.3941,13.016322]},{"matrix":[-0.0007133484,0.023180276,0.9997312,0.0,-0.3570713,0.93382025,-0.021906748,0.0,-0.934077,-0.35699087,0.0076108575,0.0,-221.8589,85.27908,-0.9949341,1.0],"velocity":[-429.16687,-16.133194]},{"matrix":[-0.15418947,-0.030692607,0.9875645,0.0,-0.25194818,0.9676964,-0.009261802,0.0,-0.95537835,-0.25024313,-0.15694153,0.0,-284.48355,83.81827,-6.089481,1.0],"velocity":[-374.79294,-27.314327]},{"matrix":[0.9892321,0.08312952,0.1204543,0.0,-0.08818326,0.9954078,0.037241854,0.0,-0.116805255,-0.047462888,0.9920201,0.0,-0.416664,92.36133,0.737255,1.0],"velocity":[6.5818095,-250.87054]},{"matrix":[0.98271143,0.048216242,0.1787553,0.0,-0.043245163,0.9985645,-0.03160471,0.0,-0.18002255,0.023328006,0.9833858,0.0,-1.167924,95.48409,-30.988846,1.0],"velocity":[-4.6683884,-117.65562]},{"matrix":[0.97207904,-0.0038920445,0.23462138,0.0,-0.00096484274,0.9997877,0.020582614,0.0,-0.23465168,-0.0202343,0.9718689,0.0,0.13613927,97.277985,-69.426956,1.0],"velocity":[4.6859064,-227.37767]},{"matrix":[0.9898839,0.025365021,0.13959403,0.0,-0.016253196,0.9976852,-0.066030964,0.0,-0.14094578,0.06309414,0.98800474,0.0,-0.82007766,92.223465,-102.21107,1.0],"velocity":[11.795344,-250.19902]},{"matrix":[0.98861444,0.05138058,0.14142674,0.0,-0.060671505,0.9962189,0.062183574,0.0,-0.13769698,-0.070056155,0.9879938,0.0,-0.47989455,97.57674,-142.88031,1.0],"velocity":[-4.5614095,-232.5155]},{"matrix":[0.9873538,0.07419797,0.14009689,0.0,-0.07377123,0.99724114,-0.008244046,0.0,-0.14032207,-0.0021953285,0.9901035,0.0,-0.17356354,89.026115,-184.0683,1.0],"velocity":[-1.2895545,-207.42964]},{"matrix":[0.9774498,0.039362486,0.20746703,0.0,-0.041210454,0.99913996,0.0045911646,0.0,-0.20710789,-0.013037443,0.97823125,0.0,-1.2479885,99.09637,-211.75482,1.0],"velocity":[7.28673,-230.69455]},{"matrix":[0.9837326,-0.011937405,0.17924196,0.0,0.011689042,0.9999287,0.0024417439,0.0,-0.17925832,-0.00030685624,0.983802,0.0,0.21600258,94.59552,-253.44017,1.0],"velocity":[-7.443271,-213.28523]},{"matrix":[0.99854183,-0.026027175,-0.04729483,0.0,0.02683439,0.9995035,0.016513595,0.0,0.046841543,-0.017758643,0.9987445,0.0,-0.184628,95.910164,0.722266,1.0],"velocity":[-3.3003547,152.55392]},{"matrix":[0.9989787,-0.03394559,0.029820396,0.0,0.033580013,0.9993557,0.012675788,0.0,-0.030231467,-0.011661474,0.9994749,0.0,-0.3348314,94.03894,26.444838,1.0],"velocity":[3.5197105,159.44667]},{"matrix":[0.99773693,-0.011543065,0.06624047,0.0,0.009835582,0.9996124,0.026045512,0.0,-0.06651544,-0.025335055,0.9974637,0.0,1.6037152,89.79262,56.75205,1.0],"velocity":[13.947866,174.51091]},{"matrix":[0.999671,-0.025502814,0.0027352476,0.0,0.025455767,0.99954724,0.016040593,0.0,-0.0031430896,-0.015965689,0.9998676,0.0,3.3970199,96.116,83.66933,1.0],"velocity":[4.6398287,144.69942]},{"matrix":[0.9948512,0.020275353,-0.09929798,0.0,-0.016973155,0.9992781,0.033988126,0.0,0.09991542,-0.032127723,0.9944771,0.0,3.600606,93.47539,108.8784,1.0],"velocity":[-1.8904977,165.88292]},{"matrix":[0.99118733,-0.010061942,-0.132085,0.0,0.017381525,0.998369,0.054380264,0.0,0.13132238,-0.056196865,0.9897456,0.0,1.7128348,89.66895,138.14331,1.0],"velocity":[-14.373435,168.4372]},{"matrix":[0.99758106,-0.028548663,-0.0633794,0.0,0.029686572,0.99941325,0.017085213,0.0,0.06285445,-0.018925402,0.99784327,0.0,-0.089039326,95.587166,165.76552,1.0],"velocity":[-5.7977443,155.39577]},{"matrix":[0.99145347,-0.069513746,0.110398725,0.0,0.076154284,0.9954589,-0.057114314,0.0,-0.10592717,0.06503352,0.99224496,0.0,0.170584,96.335754,0.305657,1.0],"velocity":[-3.6436667,-22.668148]},{"matrix":[0.9774607,-0.03892418,-0.2074982,0.0,0.031397216,0.9987283,-0.039446775,0.0,0.20876974,0.032042805,0.97743976,0.0,-2.2481966,96.65379,-3.800568,1.0],"velocity":[-21.713987,-25.320263]},{"matrix":[0.9101285,-0.031311046,-0.4131413,0.0,0.01028921,0.99854094,-0.053010583,0.0,0.41419834,0.043995544,0.9091227,0.0,-4.6451917,96.71772,-7.534256,1.0],"velocity":[1.2740167,-20.717112]},{"matrix":[0.80804354,-0.040558327,-0.587725,0.0,-0.012402143,0.99623513,-0.08580051,0.0,0.5889922,0.076619595,0.8044984,0.0,-4.0977125,96.09869,-10.580885,1.0],"velocity":[-1.2478675,-3.5719159]},{"matrix":[0.52475065,-0.070021905,-0.84837127,0.0,-0.032468908,0.9942395,-0.10214471,0.0,0.8506366,0.08114619,0.5194543,0.0,-3.779718,96.78023,-7.5269485,1.0],"velocity":[25.176342,52.56015]},{"matrix":[0.15661114,-0.070346184,-0.985152,0.0,-0.054407686,0.99533117,-0.07972232,0.0,0.98616064,0.06608524,0.15205258,0.0,-0.09510112,96.40474,-1.1218729,1.0],"velocity":[9.146997,18.444351]},{"matrix":[-0.024271011,-0.05910125,-0.9979569,0.0,-0.04326273,0.9973779,-0.05801478,0.0,0.9987688,0.041766264,-0.026764154,0.0,-1.1496894,96.250465,0.36127818,1.0],"velocity":[-25.07962,13.874843]},{"matrix":[0.9985393,-0.026109047,-0.04730197,0.0,0.02691631,0.99950135,0.016510274,0.0,0.046847314,-0.017759353,0.9987442,0.0,-0.180995,95.91182,0.730175,1.0],"velocity":[-2.9692802,91.14322]},{"matrix":[0.92455333,0.034446888,0.3794925,0.0,-0.035962716,0.99934834,-0.003096218,0.0,-0.37935182,-0.010784961,0.9251896,0.0,1.0814477,92.32603,15.58995,1.0],"velocity":[22.947079,73.00464]},{"matrix":[0.44621563,0.028584242,0.8944689,0.0,-0.050537534,0.99869967,-0.0067039,0.0,-0.89349747,-0.04221286,0.44708002,0.0,4.087672,92.12405,22.970142,1.0],"velocity":[8.149519,32.865173]},{"matrix":[-0.2960639,0.0116352495,0.95509726,0.0,-0.045017935,0.99864465,-0.02612055,0.0,-0.9541066,-0.050729863,-0.29513884,0.0,3.5035484,96.04866,26.380692,1.0],"velocity":[-11.342528,-2.62774]},{"matrix":[-0.64661837,-0.0073190182,0.7627786,0.0,-0.061953746,0.9971544,-0.042951178,0.0,-0.76029366,-0.075030014,-0.64523184,0.0,1.2876577,94.15262,20.03624,1.0],"velocity":[-13.222597,-88.343994]},{"matrix":[-0.87649965,-0.02621619,0.4806883,0.0,-0.05406196,0.9975601,-0.044172205,0.0,-0.47835746,-0.064703874,-0.8757783,0.0,0.24179065,93.17719,4.555496,1.0],"velocity":[-0.6683261,-87.44053]},{"matrix":[0.99855256,-0.026089678,-0.04703257,0.0,0.026891055,0.9995024,0.016487211,0.0,0.046579022,-0.017728101,0.9987573,0.0,0.18045712,95.91279,-9.695861,1.0],"velocity":[-2.9692802,91.14322]},{"matrix":[0.9985447,0.025221365,0.047669817,0.0,-0.021536825,0.9968534,-0.076285586,0.0,-0.049443845,0.07514791,0.9959458,0.0,-0.243345,96.49354,0.265491,1.0],"velocity":[6.1549177,114.95633]},{"matrix":[0.993774,0.017969944,0.10995617,0.0,-0.014498991,0.9993735,-0.032285277,0.0,-0.11046744,0.030490015,0.99341196,0.0,-0.5079261,92.1447,21.194721,1.0],"velocity":[-17.197699,136.45972]},{"matrix":[0.993053,-0.0030608254,0.11762786,0.0,0.008384466,0.9989612,-0.044790182,0.0,-0.11736858,0.045465272,0.99204713,0.0,-5.72046,90.874306,45.42579,1.0],"velocity":[-38.97989,147.21616]},{"matrix":[0.95468783,0.02824784,0.29626548,0.0,-0.004515807,0.99674565,-0.08048433,0.0,-0.29757482,0.075499535,0.9517085,0.0,-11.285443,94.668976,67.27326,1.0],"velocity":[-30.948555,122.94372]},{"matrix":[0.89052826,0.031017419,0.45386934,0.0,-0.0051055206,0.99829155,-0.058205783,0.0,-0.4548993,0.049516656,0.88916516,0.0,-16.165691,95.10297,86.39072,1.0],"velocity":[-32.420235,112.11965]},{"matrix":[0.84646773,0.01060803,0.5323344,0.0,0.008357213,0.9994136,-0.033204548,0.0,-0.53237444,0.03255541,0.8458827,0.0,-22.263351,91.49338,107.566795,1.0],"velocity":[-40.92234,147.60936]},{"matrix":[0.79358953,0.0765062,0.6036244,0.0,-0.017941378,0.99457437,-0.10246937,0.0,-0.6081889,0.070488766,0.79065645,0.0,-29.275543,93.33674,130.30771,1.0],"velocity":[-45.25121,108.77438]},{"matrix":[0.7826111,0.028749008,0.62184674,0.0,0.026409898,0.9965003,-0.07930744,0.0,-0.62195045,0.078489795,0.77911294,0.0,-36.783,96.47438,146.33318,1.0],"velocity":[-48.066517,88.86481]},{"matrix":[0.99854493,0.05040761,0.019160092,0.0,-0.052947566,0.98383474,0.17107236,0.0,-0.010227015,-0.17183793,0.98507214,0.0,-0.231702,93.72711,1.647629,1.0],"velocity":[6.5770087,194.58763]},{"matrix":[0.99720776,0.0644273,0.037760243,0.0,-0.07114041,0.97335666,0.21798119,0.0,-0.022710245,-0.2200588,0.97522223,0.0,0.31918153,99.5537,39.118984,1.0],"velocity":[-5.8790426,254.33301]},{"matrix":[0.9962445,0.07257111,-0.047226228,0.0,-0.059720308,0.97086084,0.23208347,0.0,0.06269265,-0.22839153,0.97154874,0.0,-0.09586677,93.36362,77.341324,1.0],"velocity":[5.4692507,213.11449]},{"matrix":[0.9875833,-0.035819985,-0.15295835,0.0,0.07905003,0.95471954,0.286813,0.0,0.13575868,-0.29534307,0.9456966,0.0,0.6130625,99.81761,114.829735,1.0],"velocity":[7.2678976,271.49194]},{"matrix":[0.9936079,-0.02360088,-0.11039172,0.0,0.044571254,0.9804687,0.19155808,0.0,0.10371469,-0.19525392,0.9752534,0.0,0.5551032,94.74932,159.96263,1.0],"velocity":[-4.654645,251.28986]},{"matrix":[0.99708235,0.0658195,0.038659398,0.0,-0.0714632,0.9829005,0.16970465,0.0,-0.026828464,-0.17197224,0.9847364,0.0,-0.120358765,94.76459,200.6417,1.0],"velocity":[9.616728,200.73361]},{"matrix":[0.9980956,0.059278816,0.01706621,0.0,-0.061586693,0.9733221,0.2210231,0.0,-0.003508932,-0.22165324,0.97511923,0.0,0.22000563,99.19974,239.11919,1.0],"velocity":[-9.128518,267.30118]},{"matrix":[0.99606675,0.06419939,-0.06106935,0.0,-0.048171435,0.9708276,0.23488998,0.0,0.074367605,-0.2310243,0.97010165,0.0,-0.003220737,93.66483,276.6452,1.0],"velocity":[7.3571734,208.74706]},{"matrix":[0.99609876,-0.0062445328,-0.08802402,0.0,0.0020684598,0.99887127,-0.047454033,0.0,0.088221,0.04708683,0.99498737,0.0,5.389446,95.68579,-69.30808,1.0],"velocity":[0.99533004,-83.39235]},{"matrix":[0.9970774,0.014034664,-0.075097874,0.0,-0.018005779,0.99846035,-0.052466206,0.0,0.0742459,0.053665064,0.99579495,0.0,4.315477,93.360504,-84.566284,1.0],"velocity":[-18.187132,-109.792885]},{"matrix":[0.99960756,0.0014882444,0.027973302,0.0,-0.0016101599,0.99998933,0.004336261,0.0,-0.027966548,-0.004379601,0.9995993,0.0,0.94066906,91.68991,-106.25095,1.0],"velocity":[-13.713328,-135.02432]},{"matrix":[0.99995595,0.009372588,-0.00053718826,0.0,-0.009387871,0.99857014,-0.052626446,0.0,0.000043174223,0.052629173,0.99861413,0.0,-0.45396984,94.71569,-125.55516,1.0],"velocity":[0.6670074,-83.735664]},{"matrix":[0.99987274,-0.012230958,-0.0102425385,0.0,0.011310249,0.9962676,-0.08557434,0.0,0.011250965,0.0854476,0.9962791,0.0,-0.2843398,95.90341,-139.08748,1.0],"velocity":[1.2173159,-85.297066]},{"matrix":[0.9965661,-0.022189153,-0.07977199,0.0,0.01727151,0.9979381,-0.061816167,0.0,0.08097916,0.060226116,0.99489456,0.0,1.3001102,93.28262,-156.15091,1.0],"velocity":[21.016205,-137.3584]},{"matrix":[0.99062055,0.049727194,-0.12727188,0.0,-0.05080659,0.9986947,-0.0052467696,0.0,0.12684484,0.011663808,0.991854,0.0,4.629053,92.210236,-181.16064,1.0],"velocity":[11.00379,-133.37411]},{"matrix":[0.9953289,-0.005220024,-0.09640079,0.0,0.0012096844,0.9991331,-0.041612364,0.0,0.09653444,0.041301377,0.9944724,0.0,5.325608,95.40051,-198.94682,1.0],"velocity":[1.2133356,-88.65332]},{"matrix":[0.99693376,0.012080727,-0.07731159,0.0,-0.01703908,0.9978172,-0.06379995,0.0,0.07637209,0.06492165,0.9949636,0.0,4.9917903,94.25938,-213.44875,1.0],"velocity":[-11.127498,-97.35432]},{"matrix":[0.99988955,0.014595372,0.0028125362,0.0,-0.014589294,0.9998912,-0.0021692533,0.0,-0.0028438915,0.0021279808,0.9999937,0.0,1.915508,91.75141,-233.05843,1.0],"velocity":[-22.055859,-143.62598]},{"matrix":[0.99999976,0.00063965505,-0.00026440725,0.0,-0.00064875477,0.9993522,-0.03598227,0.0,0.00024121972,0.035982434,0.9993524,0.0,-0.32593417,93.48722,-254.96637,1.0],"velocity":[-3.9917197,-96.45346]},{"matrix":[0.99999344,0.0013678033,0.0033581145,0.0,-0.001114139,0.9972271,-0.074410446,0.0,-0.0034505818,0.074406214,0.99722207,0.0,-0.18998447,96.11454,-268.9281,1.0],"velocity":[-2.8936229,-80.513535]},{"matrix":[0.9986059,-0.029521007,-0.043758117,0.0,0.025816016,0.99621993,-0.08294206,0.0,0.046041243,0.08169677,0.9955932,0.0,0.45338508,94.30158,-284.06763,1.0],"velocity":[15.000781,-113.11664]},{"matrix":[0.98948675,0.036756907,-0.13987462,0.0,-0.03720678,0.9993074,-0.00060172984,0.0,0.13975562,0.005799688,0.99016905,0.0,4.030495,92.12266,-307.7571,1.0],"velocity":[14.50567,-153.86412]},{"matrix":[0.9942095,0.008368089,-0.1071324,0.0,-0.012267639,0.99928397,-0.035792224,0.0,0.10675617,0.03689923,0.9936003,0.0,5.3209496,94.47783,-328.2399,1.0],"velocity":[-0.78622204,-94.854065]},{"matrix":[0.9999414,-0.008997632,0.006021277,0.0,0.009227872,0.9991821,-0.039370038,0.0,-0.0056621153,0.039423294,0.99920654,0.0,0.000182,95.93551,0.333447,1.0],"velocity":[2.904602,99.823425]},{"matrix":[0.9999113,0.0018829788,0.01318629,0.0,-0.0025821538,0.9985801,0.05320825,0.0,-0.013067377,-0.053237576,0.99849635,0.0,0.8413506,95.0721,17.769812,1.0],"velocity":[7.884504,120.55378]},{"