{"joints":[{"name":"Model_Hips","offset":[0.0,96.91508,0.0],"parent_index":null,"pose_refs":[{"pose_index":0,"data_type":"PositionX"},{"pose_index":1,"data_type":"PositionY"},{"pose_index":2,"data_type":"PositionZ"},{"pose_index":3,"data_type":"RotationX"},{"pose_index":4,"data_type":"RotationY"},{"pose_index":5,"data_type":"RotationZ"}]},{"name":"Model_Spine","offset":[0.0,11.137703,-1.2899],"parent_index":0,"pose_refs":[{"pose_index":6,"data_type":"RotationX"},{"pose_index":7,"data_type":"RotationY"},{"pose_index":8,"data_type":"RotationZ"}]},{"name":"Model_Spine1","offset":[0.0,12.993942,-1.504922],"parent_index":1,"pose_refs":[{"pose_index":9,"data_type":"RotationX"},{"pose_index":10,"data_type":"RotationY"},{"pose_index":11,"data_type":"RotationZ"}]},{"name":"Model_Spine2","offset":[0.0,14.85022,-1.719911],"parent_index":2,"pose_refs":[{"pose_index":12,"data_type":"RotationX"},{"pose_index":13,"data_type":"RotationY"},{"pose_index":14,"data_type":"RotationZ"}]},{"name":"Model_Neck","offset":[0.0,16.706543,-1.934903],"parent_index":3,"pose_refs":[{"pose_index":15,"data_type":"RotationX"},{"pose_index":16,"data_type":"RotationY"},{"pose_index":17,"data_type":"RotationZ"}]},{"name":"Model_Head","offset":[0.0,10.471298,2.0021],"parent_index":4,"pose_refs":[{"pose_index":18,"data_type":"RotationX"},{"pose_index":19,"data_type":"RotationY"},{"pose_index":20,"data_type":"RotationZ"}]},{"name":"Model_HeadTop_End","offset":[0.0,20.842606,3.9851],"parent_index":5,"pose_refs":[{"pose_index":21,"data_type":"RotationX"},{"pose_index":22,"data_type":"RotationY"},{"pose_index":23,"data_type":"RotationZ"}]},{"name":"Model_LeftShoulder","offset":[7.0085,14.7686,-1.919946],"parent_index":3,"pose_refs":[{"pose_index":24,"data_type":"RotationX"},{"pose_index":25,"data_type":"RotationY"},{"pose_index":26,"data_type":"RotationZ"}]},{"name":"Model_LeftArm","offset":[14.126271,-3.718048,0.029937],"parent_index":7,"pose_refs":[{"pose_index":27,"data_type":"RotationX"},{"pose_index":28,"data_type":"RotationY"},{"pose_index":29,"data_type":"RotationZ"}]},{"name":"Model_LeftForeArm","offset":[28.2828,0.0,0.0],"parent_index":8,"pose_refs":[{"pose_index":30,"data_type":"RotationX"},{"pose_index":31,"data_type":"RotationY"},{"pose_index":32,"data_type":"RotationZ"}]},{"name":"Model_LeftHand","offset":[26.204689,0.0,0.0],"parent_index":9,"pose_refs":[{"pose_index":33,"data_type":"RotationX"},{"pose_index":34,"data_type":"RotationY"},{"pose_index":35,"data_type":"RotationZ"}]},{"name":"Model_RightShoulder","offset":[-7.0085,14.768555,-1.94984],"parent_index":3,"pose_refs":[{"pose_index":36,"data_type":"RotationX"},{"pose_index":37,"data_type":"RotationY"},{"pose_index":38,"data_type":"RotationZ"}]},{"name":"Model_RightArm","offset":[-14.126281,-3.718018,-0.029932],"parent_index":11,"pose_refs":[{"pose_index":39,"data_type":"RotationX"},{"pose_index":40,"data_type":"RotationY"},{"pose_index":41,"data_type":"RotationZ"}]},{"name":"Model_RightForeArm","offset":[-28.283798,0.0,-0.000001],"parent_index":12,"pose_refs":[{"pose_index":42,"data_type":"RotationX"},{"pose_index":43,"data_type":"RotationY"},{"pose_index":44,"data_type":"RotationZ"}]},{"name":"Model_RightHand","offset":[-26.204193,0.0,-0.000001],"parent_index":13,"pose_refs":[{"pose_index":45,"data_type":"RotationX"},{"pose_index":46,"data_type":"RotationY"},{"pose_index":47,"data_type":"RotationZ"}]},{"name":"Model_LeftUpLeg","offset":[8.3277,-6.193199,-0.4028],"parent_index":0,"pose_refs":[{"pose_index":48,"data_type":"RotationX"},{"pose_index":49,"data_type":"RotationY"},{"pose_index":50,"data_type":"RotationZ"}]},{"name":"Model_LeftLeg","offset":[0.735802,-42.10874,-0.610721],"parent_index":15,"pose_refs":[{"pose_index":51,"data_type":"RotationX"},{"pose_index":52,"data_type":"RotationY"},{"pose_index":53,"data_type":"RotationZ"}]},{"name":"Model_LeftFoot","offset":[-0.735806,-36.833748,-0.172876],"parent_index":16,"pose_refs":[{"pose_index":54,"data_type":"RotationX"},{"pose_index":55,"data_type":"RotationY"},{"pose_index":56,"data_type":"RotationZ"}]},{"name":"Model_LeftToeBase","offset":[-0.565857,-11.977769,16.297714],"parent_index":17,"pose_refs":[{"pose_index":57,"data_type":"RotationX"},{"pose_index":58,"data_type":"RotationY"},{"pose_index":59,"data_type":"RotationZ"}]},{"name":"Model_LeftToe_End","offset":[-0.111712,-0.312793,7.857784],"parent_index":18,"pose_refs":[{"pose_index":60,"data_type":"RotationX"},{"pose_index":61,"data_type":"RotationY"},{"pose_index":62,"data_type":"RotationZ"}]},{"name":"Model_RightUpLeg","offset":[-8.3277,-6.193199,-0.5165],"parent_index":0,"pose_refs":[{"pose_index":63,"data_type":"RotationX"},{"pose_index":64,"data_type":"RotationY"},{"pose_index":65,"data_type":"RotationZ"}]},{"name":"Model_RightLeg","offset":[-0.735785,-42.108738,-0.434061],"parent_index":20,"pose_refs":[{"pose_index":66,"data_type":"RotationX"},{"pose_index":67,"data_type":"RotationY"},{"pose_index":68,"data_type":"RotationZ"}]},{"name":"Model_RightFoot","offset":[0.735776,-36.833748,-0.02163],"parent_index":21,"pose_refs":[{"pose_index":69,"data_type":"RotationX"},{"pose_index":70,"data_type":"RotationY"},{"pose_index":71,"data_type":"RotationZ"}]},{"name":"Model_RightToeBase","offset":[0.565817,-11.977745,15.903093],"parent_index":22,"pose_refs":[{"pose_index":72,"data_type":"RotationX"},{"pose_index":73,"data_type":"RotationY"},{"pose_index":74,"data_type":"RotationZ"}]},{"name":"Model_RightToe_End","offset":[0.111702,-0.312791,7.811342],"parent_index":23,"pose_refs":[{"pose_index":75,"data_type":"RotationX"},{"pose_index":76,"data_type":"RotationY"},{"pose_index":77,"data_type":"RotationZ"}]}],"trajectories":{"matrices":[[0.99854183,-0.026027175,-0.04729483,0.0,0.02683439,0.9995035,0.016513595,0.0,0.046841543,-0.017758643,0.9987445,0.0,-0.184628,95.910164,0.722266,1.0],[0.99897903,-0.03394634,0.02980917,0.0,0.03358097,0.9993557,0.012673263,0.0,-0.030220173,-0.011659303,0.99947524,0.0,-0.33493525,94.0398,26.440132,1.0],[0.9977359,-0.011562556,0.06625243,0.0,0.009855418,0.9996124,0.026036352,0.0,-0.066527806,-0.025324456,0.99746317,0.0,1.6028919,89.79228,56.74175,1.0],[0.99967104,-0.025492879,0.002824825,0.0,0.025444442,0.9995477,0.016028546,0.0,-0.0032321613,-0.015951395,0.99986756,0.0,3.3966088,96.1139,83.65651,1.0],[0.99485594,0.02025053,-0.09925518,0.0,-0.016950088,0.99927866,0.033983387,0.0,0.09987176,-0.03212619,0.99448156,0.0,3.6008291,93.48067,108.858826,1.0],[0.991182,-0.009976824,-0.13213119,0.0,0.017297294,0.99837095,0.05437168,0.0,0.1313735,-0.056177747,0.9897399,0.0,1.714956,89.66547,138.11845,1.0],[0.998722,0.045667678,-0.021651354,0.0,-0.042448096,0.9904615,0.13108802,0.0,0.027431317,-0.13000143,0.9911343,0.0,-0.698,93.90083,2.678952,1.0],[0.99177027,0.12649703,0.01975328,0.0,-0.12779754,0.96882176,0.2122549,0.0,0.007712208,-0.21303253,0.97701466,0.0,0.8325229,99.07817,26.755823,1.0],[0.9695482,0.19334108,0.15031773,0.0,-0.1981523,0.9800137,0.017571554,0.0,-0.14391613,-0.046822272,0.9884816,0.0,-0.057531904,91.49855,49.657837,1.0],[0.9088158,0.083461545,0.40876406,0.0,-0.12095342,0.99041504,0.06669572,0.0,-0.39927953,-0.110055536,0.91019976,0.0,-10.136283,99.89546,73.6141,1.0],[0.850021,0.10730905,0.51570255,0.0,-0.0806713,0.99399996,-0.07386603,0.0,-0.5205348,0.02118528,0.8535776,0.0,-24.851896,91.54529,98.36307,1.0],[0.75617564,0.08002474,0.6494571,0.0,-0.10829697,0.9941121,0.0035998784,0.0,-0.6453451,-0.07305637,0.76038975,0.0,-38.61431,94.27884,115.117325,1.0],[0.6187228,0.13552192,0.7738321,0.0,-0.21731508,0.97609746,0.0028109327,0.0,-0.7549546,-0.16990453,0.6333847,0.0,-55.4585,97.57902,133.60281,1.0],[0.46395153,0.18008202,0.8673636,0.0,-0.12412563,0.98267555,-0.13762848,0.0,-0.8771213,-0.043809075,0.47826666,0.0,-72.51398,88.11637,149.37032,1.0],[0.25476217,0.056644917,0.9653433,0.0,-0.11731739,0.9927194,-0.027290273,0.0,-0.95986086,-0.10629903,0.25955278,0.0,-97.19352,97.0118,158.54614,1.0],[0.14564604,0.09609899,0.9846586,0.0,-0.006804209,0.995345,-0.09613551,0.0,-0.9893135,0.0073019527,0.14562196,0.0,-125.94933,89.20086,164.12521,1.0],[-0.075160265,0.093372166,0.99279034,0.0,-0.08910298,0.9909949,-0.09994894,0.0,-0.99318266,-0.09597276,-0.06616378,0.0,-148.36186,91.56964,166.20726,1.0],[-0.20271766,0.13753508,0.96953076,0.0,-0.18502803,0.9668728,-0.17584525,0.0,-0.96159786,-0.21503727,-0.1705544,0.0,-174.84158,95.217285,166.31294,1.0],[-0.31539,0.20965928,0.9255119,0.0,0.015923925,0.9763204,-0.21574265,0.0,-0.94882864,-0.05330527,-0.31126022,0.0,-198.70615,86.11165,164.28783,1.0],[-0.5885216,0.0822365,0.8042882,0.0,-0.07482217,0.9850039,-0.15546386,0.0,-0.8050118,-0.15167244,-0.57354295,0.0,-223.7282,94.61997,150.11519,1.0],[-0.7194712,0.123740606,0.6834103,0.0,0.08393363,0.99227965,-0.09130308,0.0,-0.689432,-0.008328833,-0.72430265,0.0,-247.24658,87.42908,132.2998,1.0],[-0.8745277,0.0907018,0.4764186,0.0,0.03125181,0.9908533,-0.13127452,0.0,-0.48396778,-0.099914245,-0.8693633,0.0,-264.72437,89.57794,117.20275,1.0],[-0.93752885,0.15682007,0.31055996,0.0,0.070791975,0.9599633,-0.27103308,0.0,-0.3406296,-0.23211613,-0.9110949,0.0,-282.57294,93.335144,95.61253,1.0],[-0.95525444,0.24897563,0.15968853,0.0,0.23886546,0.9677543,-0.07996812,0.0,-0.17444938,-0.038245812,-0.9839233,0.0,-296.4721,85.47194,74.94117,1.0],[-0.99028814,0.08722822,-0.10826428,0.0,0.099126026,0.98899025,-0.10987403,0.0,0.09748821,-0.11953873,-0.98803186,0.0,-299.3765,94.273796,49.91569,1.0],[-0.947924,0.1419537,-0.2851131,0.0,0.14221948,0.9896354,0.01988395,0.0,0.2849806,-0.021700162,-0.9582877,0.0,-298.15417,87.13698,21.756193,1.0],[-0.87429166,0.10582712,-0.47372437,0.0,0.143451,0.988684,-0.04388295,0.0,0.46371973,-0.106322736,-0.8795792,0.0,-293.80948,88.240845,0.11655097,1.0],[-0.7732105,0.16841456,-0.6113772,0.0,0.28936368,0.9515711,-0.10383217,0.0,0.564282,-0.25719446,-0.78449786,0.0,-285.68118,94.9709,-24.950619,1.0],[-0.69435287,0.27841696,-0.663595,0.0,0.2535139,0.95764893,0.13652551,0.0,0.673502,-0.07343368,-0.7355288,0.0,-277.17886,85.90863,-48.02337,1.0],[-0.54963577,0.1251939,-0.82597053,0.0,0.15837622,0.9863927,0.044119157,0.0,0.8202547,-0.10656462,-0.5619844,0.0,-260.0515,95.231705,-64.39199,1.0],[-0.42838907,0.14661872,-0.8916198,0.0,0.1319955,0.98631704,0.09877207,0.0,0.8939016,-0.07537692,-0.44188035,0.0,-236.90587,91.34512,-79.94032,1.0],[-0.29759836,0.09612074,-0.94984007,0.0,0.1305525,0.98966956,0.05924741,0.0,0.9457227,-0.106372066,-0.30707288,0.0,-216.75427,88.203156,-90.04138,1.0],[-0.10534179,0.15544657,-0.98221165,0.0,0.2695719,0.95518786,0.12225831,0.0,0.9572013,-0.25189775,-0.1425252,0.0,-192.2169,97.30149,-99.1081,1.0],[-0.085113764,0.22739048,-0.970077,0.0,0.09232651,0.9712209,0.219558,0.0,0.99208444,-0.07087642,-0.10365844,0.0,-166.79065,88.51719,-106.94028,1.0],[0.14245111,0.11402944,-0.9832117,0.0,0.0979619,0.9868406,0.12864341,0.0,0.9849424,-0.11464269,0.12940598,0.0,-142.08769,96.84473,-106.809364,1.0],[0.3523968,0.11108306,-0.92923474,0.0,0.05964017,0.98824644,0.14075501,0.0,0.9339484,-0.10502133,0.34162986,0.0,-113.50219,95.32215,-101.53495,1.0],[0.4907239,0.0292667,-0.87082344,0.0,0.013615859,0.9990561,0.041249126,0.0,0.8712087,-0.03209894,0.48986226,0.0,-90.064224,88.73019,-94.62996,1.0],[0.661443,0.13849476,-0.7370973,0.0,0.06964402,0.9672138,0.24422774,0.0,0.74675494,-0.21287712,0.63011146,0.0,-66.75389,98.57981,-84.52767,1.0],[0.7340307,0.22201228,-0.6418017,0.0,-0.12134707,0.9727228,0.1976996,0.0,0.6681869,-0.06723683,0.74094903,0.0,-42.820763,90.56543,-72.162476,1.0],[0.85719126,0.15517795,-0.49106303,0.0,-0.086575024,0.9833739,0.15962633,0.0,0.50766903,-0.09431651,0.856374,0.0,-26.400602,95.29185,-55.86948,1.0],[0.95926803,0.10649338,-0.26165628,0.0,-0.06479196,0.9844729,0.16314149,0.0,0.274967,-0.1395432,0.95127326,0.0,-13.210257,97.772995,-31.77015,1.0],[0.7309653,0.0014556609,0.68241304,0.0,0.05182898,0.996991,-0.057643194,0.0,-0.6804436,0.07750395,0.7286904,0.0,-0.295571,91.08451,0.141207,1.0],[0.92240036,0.003050737,0.38622308,0.0,-0.16669452,0.9051871,0.39095953,0.0,-0.34841144,-0.4250025,0.8354534,0.0,0.71039253,79.623215,1.2929456,1.0],[0.9708162,-0.05318206,0.2338537,0.0,-0.06710933,0.8759061,0.47779164,0.0,-0.23024383,-0.47954163,0.8467748,0.0,-1.9625258,78.51359,27.960558,1.0],[0.99283934,-0.053990386,-0.10656015,0.0,0.10143874,0.85215414,0.5133649,0.0,0.0630889,-0.52049816,0.8515289,0.0,-4.7852263,78.9557,58.829487,1.0],[0.9985447,0.025221365,0.047669817,0.0,-0.021536825,0.9968534,-0.076285586,0.0,-0.049443845,0.07514791,0.9959458,0.0,-0.243345,96.49354,0.265491,1.0],[0.9937751,0.01796209,0.10994718,0.0,-0.01449109,0.99937356,-0.03228781,0.0,-0.11045826,0.030493569,0.99341285,0.0,-0.5074186,92.1455,21.190695,1.0],[0.99305594,-0.0030530726,0.11760344,0.0,0.00837652,0.9989609,-0.04479846,0.0,-0.11734448,0.045472484,0.99204963,0.0,-5.718159,90.87432,45.417103,1.0],[0.95472616,0.028217841,0.29614475,0.0,-0.004498995,0.9967469,-0.08046991,0.0,-0.29745206,0.07549438,0.9517473,0.0,-11.282702,94.6666,67.262375,1.0],[0.8905647,0.031072393,0.45379406,0.0,-0.0051352484,0.9982872,-0.058277328,0.0,-0.4548276,0.049569387,0.8891989,0.0,-16.161865,95.10527,86.37748,1.0],[0.84654975,0.010541271,0.5322052,0.0,0.008372545,0.99941653,-0.033112977,0.0,-0.5322437,0.032487694,0.8459676,0.0,-22.257313,91.49332,107.545006,1.0],[0.793562,0.07652195,0.6036587,0.0,-0.017976508,0.9945763,-0.102444395,0.0,-0.6082238,0.0704443,0.79063356,0.0,-29.267529,93.331795,130.28844,1.0],[0.90624046,-0.27800623,0.31849775,0.0,0.17909461,0.93488854,0.30644506,0.0,-0.3829535,-0.22067167,0.8970232,0.0,-0.489803,83.78532,3.224041,1.0],[0.9188472,-0.16834188,0.3569045,0.0,0.050139494,0.9469151,0.31754977,0.0,-0.39141518,-0.2738847,0.8785109,0.0,-4.331676,86.94579,69.25617,1.0],[0.99374384,-0.04065634,-0.10402064,0.0,0.0376239,0.99881256,-0.030950982,0.0,0.10515547,0.026843686,0.9940934,0.0,-2.2792442,84.477036,130.91219,1.0],[0.899719,-0.20903237,-0.3831595,0.0,0.14172573,0.97020674,-0.19650115,0.0,0.412819,0.12249227,0.9025387,0.0,0.1669638,81.821526,193.52618,1.0],[0.84170306,-0.2729092,-0.46589327,0.0,0.0971783,0.92533904,-0.3664751,0.0,0.53112364,0.26318854,0.8053816,0.0,4.4950824,75.65344,250.01756,1.0],[0.4714083,-0.30682617,-0.8268204,0.0,-0.10800464,0.91038597,-0.3994151,0.0,0.8752767,0.27758804,0.39602488,0.0,7.8406014,71.08141,298.0137,1.0],[-0.33748674,-0.21897563,-0.9155066,0.0,-0.13129663,0.9740101,-0.18456842,0.0,0.93212867,0.057913527,-0.35746634,0.0,12.639644,73.27726,338.31592,1.0],[-0.7339119,-0.14542896,-0.66349375,0.0,-0.097528,0.98925114,-0.10895177,0.0,0.67220664,-0.015251771,-0.7402066,0.0,18.025206,83.55906,358.27246,1.0],[-0.85952735,-0.07341063,-0.5057902,0.0,-0.024308112,0.99438256,-0.10301658,0.0,0.51051146,-0.076250754,-0.85648346,0.0,17.574665,92.192986,361.8046,1.0],[-0.9107535,-0.017273473,-0.4125894,0.0,0.008833198,0.99808127,-0.061284162,0.0,0.41285637,-0.05945924,-0.9088534,0.0,17.953833,93.44587,365.37073,1.0],[-0.94947445,0.02438401,-0.3128957,0.0,0.02851323,0.9995562,-0.008627146,0.0,0.31254646,-0.017112922,-0.9497483,0.0,24.98508,93.08692,366.28394,1.0],[-0.9819716,0.06436227,-0.17773424,0.0,0.064199775,0.9979148,0.0066712527,0.0,0.17779301,-0.0048595173,-0.9840561,0.0,30.376198,92.36283,368.58392,1.0],[-0.97277594,0.054532617,-0.22524047,0.0,0.05035966,0.99843705,0.0242351,0.0,0.22621003,0.012232289,-0.97400177,0.0,31.48687,92.0077,367.95874,1.0],[0.90621376,0.27780896,-0.31874567,0.0,-0.17900962,0.93504393,0.3060202,0.0,0.38305634,-0.22026117,0.8970802,0.0,0.492126,83.78883,3.225641,1.0],[0.91866577,0.16859853,-0.35725024,0.0,-0.05029488,0.9469083,0.31754538,0.0,0.39182094,-0.27375022,0.8783719,0.0,4.3323693,86.92131,69.259605,1.0],[0.9937411,0.04087678,0.103960454,0.0,-0.037855703,0.9988063,-0.030869588,0.0,-0.1050982,0.026740883,0.99410224,0.0,2.2743452,84.48526,130.91943,1.0],[0.8997927,0.20878866,0.38311943,0.0,-0.14144579,0.9702374,-0.19655153,0.0,-0.4127545,0.122664995,0.90254474,0.0,-0.17440878,81.828514,193.51033,1.0],[0.84182096,0.2730866,0.46557626,0.0,-0.09734069,0.92523396,-0.36669734,0.0,-0.5309071,0.263374,0.8054638,0.0,-4.4964247,75.63317,250.03146,1.0],[0.4714486,0.30707332,0.82670563,0.0,0.10796169,0.91027397,-0.39968187,0.0,-0.8752603,0.277682,0.39599526,0.0,-7.8435106,71.07337,298.01794,1.0],[-0.33749354,0.2184006,0.9156415,0.0,0.13116917,0.97413385,-0.18400505,0.0,-0.9321442,0.05800341,-0.35741138,0.0,-12.591811,73.21706,338.2909,1.0],[-0.7338666,0.14551274,0.6635255,0.0,0.097676165,0.9892409,-0.10891202,0.0,-0.6722347,-0.015116248,-0.74018395,0.0,-18.025892,83.5451,358.27362,1.0],[-0.8595723,0.073181756,0.5057473,0.0,0.024138123,0.9944024,-0.102864936,0.0,-0.51044416,-0.07621203,-0.8565272,0.0,-17.550282,92.19591,361.82288,1.0],[-0.9107901,0.017076984,0.41251618,0.0,-0.009016411,0.9980833,-0.06122502,0.0,-0.41277105,-0.05948256,-0.90889037,0.0,-17.929794,93.45469,365.39432,1.0],[-0.9494858,-0.02456977,0.31284702,0.0,-0.028688261,0.9995517,-0.008567572,0.0,-0.31249624,-0.017109822,-0.94976497,0.0,-24.977982,93.091805,366.28464,1.0],[-0.9819814,-0.06421051,0.17773415,0.0,-0.06405417,0.99792445,0.0066235606,0.0,-0.17779057,-0.0048803994,-0.98405623,0.0,-30.37416,92.35674,368.5824,1.0],[-0.9727833,-0.05442618,0.22523458,0.0,-0.05025842,0.998443,0.024200935,0.0,-0.22620104,0.012222331,-0.97400415,0.0,-31.485443,92.00218,367.95758,1.0],[0.99515766,-0.03580746,-0.09153729,0.0,0.012556749,0.9699655,-0.24291806,0.0,0.097486295,0.24059235,0.96571827,0.0,-0.399525,94.90331,-0.670374,1.0],[0.9950679,-0.08878193,-0.044245653,0.0,0.07893657,0.97883064,-0.18883744,0.0,0.06007435,0.18441346,0.9810111,0.0,0.3529651,94.5952,11.352838,1.0],[0.9957621,-0.068566754,0.061289653,0.0,0.0783681,0.98138696,-0.17532276,0.0,-0.048127554,0.1793829,0.9826014,0.0,2.428431,93.55958,28.946894,1.0],[0.99233395,0.0016041119,0.123574995,0.0,0.026247429,0.97436863,-0.2234207,0.0,-0.12076599,0.22495146,0.96685696,0.0,4.6002054,93.75943,42.913143,1.0],[0.9958191,-0.03747607,0.08330612,0.0,0.05633282,0.96985316,-0.23708957,0.0,-0.07190952,0.2407912,0.9679094,0.0,5.5630245,94.798546,54.189697,1.0],[0.99861115,-0.0018622158,0.052652624,0.0,0.011830105,0.9817812,-0.18964651,0.0,-0.05134019,0.19000602,0.98043966,0.0,5.5335674,93.9949,63.831196,1.0],[0.999493,0.018965513,-0.0255745,0.0,-0.02261842,0.98826104,-0.15109092,0.0,0.022408767,0.15159276,0.988189,0.0,3.3146012,92.94448,75.40211,1.0],[0.99680734,-0.044093423,-0.06656512,0.0,0.033179715,0.9870465,-0.15696622,0.0,0.072624035,0.15425648,0.9853582,0.0,0.201382,93.33437,86.97087,1.0],[0.99285007,-0.04194525,-0.111755915,0.0,0.021463888,0.98370135,-0.17852454,0.0,0.11742269,0.17484938,0.9775682,0.0,-1.4608067,93.57133,93.873634,1.0],[0.99667156,-0.008562156,-0.08107081,0.0,-0.005335508,0.98548573,-0.16967432,0.0,0.0813469,0.16954212,0.98216,0.0,-1.1534451,94.7588,99.60274,1.0],[0.99854505,-0.031418256,-0.043825794,0.0,0.023040894,0.9833945,-0.18001205,0.0,0.048753712,0.17874035,0.9826876,0.0,0.69690806,95.56731,105.67628,1.0],[0.9993253,-0.028924441,0.022636553,0.0,0.032232072,0.9861162,-0.16289873,0.0,-0.017610515,0.16351844,0.9863831,0.0,2.8151817,96.63993,109.96943,1.0],[0.9973298,-0.024636671,0.06874854,0.0,0.034388937,0.988908,-0.14449339,0.0,-0.06442615,0.14647175,0.9871146,0.0,4.2452183,97.09534,111.955185,1.0],[0.99531,-0.03015726,0.091915786,0.0,0.04165347,0.9911753,-0.1258433,0.0,-0.08730957,0.12908171,0.98778284,0.0,4.991208,97.39944,112.138916,1.0],[0.99344754,-0.03068552,0.11009249,0.0,0.043297,0.9925301,-0.114058636,0.0,-0.105770156,0.11807794,0.9873552,0.0,5.1937175,97.32956,111.52328,1.0],[0.9936851,-0.028510936,0.108522125,0.0,0.03944972,0.9942025,-0.100025296,0.0,-0.105041154,0.103674814,0.98904896,0.0,5.2130322,97.46105,110.476585,1.0],[0.99502563,-0.024670973,0.0965159,0.0,0.03353406,0.9952573,-0.09131434,0.0,-0.09380535,0.09409668,0.99113387,0.0,5.231779,97.53729,109.59527,1.0],[0.9957109,-0.02482154,0.08912763,0.0,0.033166856,0.9950753,-0.093408726,0.0,-0.086370155,0.09596417,0.9916305,0.0,5.2899013,97.623634,108.95075,1.0],[0.98170877,-0.053047203,0.18284932,0.0,0.07470388,0.9907068,-0.11366314,0.0,-0.17512056,0.12524365,0.97654843,0.0,0.236648,96.08627,5.031703,1.0],[0.989452,-0.074016236,0.124524556,0.0,0.08340385,0.9939158,-0.07193919,0.0,-0.118442245,0.08156621,0.9896052,0.0,-1.8128963,95.736534,17.561535,1.0],[0.9936529,-0.108115815,0.031063087,0.0,0.11087278,0.9879414,-0.108069494,0.0,-0.019004487,0.11082761,0.99365795,0.0,-5.8699374,93.94945,33.434113,1.0],[0.9828089,-0.16641696,-0.0799508,0.0,0.15231217,0.97556984,-0.15831758,0.0,0.104344316,0.14341845,0.98414606,0.0,-10.252127,94.155495,47.39542,1.0],[0.99613,-0.086967535,-0.012716841,0.0,0.08481901,0.98910934,-0.12028509,0.0,0.023039244,0.11874095,0.99265796,0.0,-11.819389,95.72969,58.14306,1.0],[0.9904952,-0.10722672,0.08614911,0.0,0.11392183,0.99050397,-0.0769657,0.0,-0.07707825,0.08604842,0.9933049,0.0,-11.169213,95.11622,70.0522,1.0],[0.9841454,-0.04845481,0.17061643,0.0,0.064352594,0.99395823,-0.08891434,0.0,-0.16527729,0.098484255,0.98131764,0.0,-8.6019,94.50934,85.94015,1.0],[0.97056025,-0.003951124,0.24082601,0.0,0.031537082,0.9933421,-0.11080124,0.0,-0.23878482,0.11513423,0.96422297,0.0,-5.4806685,95.49293,99.26861,1.0],[0.97730815,-0.07125616,0.19947755,0.0,0.09225494,0.9908986,-0.09802542,0.0,-0.1906771,0.11420383,0.97498703,0.0,-4.9929457,97.26463,110.42188,1.0],[0.98634046,-0.041479953,0.15941118,0.0,0.050659604,0.99725735,-0.053957485,0.0,-0.15673582,0.061296158,0.9857366,0.0,-6.272477,96.13356,122.65088,1.0],[0.9930387,-0.08767243,0.07866191,0.0,0.0944439,0.99172604,-0.08694696,0.0,-0.07038822,0.093770824,0.9931025,0.0,-9.677615,95.17693,139.06741,1.0],[0.9877901,-0.11125571,0.10905448,0.0,0.12314599,0.9863677,-0.10915045,0.0,-0.09542421,0.12124736,0.98802495,0.0,-14.2048645,94.77111,153.0171,1.0],[0.97140324,0.00047557522,0.23743534,0.0,0.016893215,0.9973253,-0.07111168,0.0,-0.23683408,0.07308917,0.96879697,0.0,-16.278967,95.67164,164.1305,1.0],[0.9132085,-0.033386223,0.4061227,0.0,0.043903537,0.9988978,-0.016604988,0.0,-0.4051207,0.03299404,0.9136677,0.0,-17.7993,95.29094,175.58833,1.0],[0.7884275,0.002809221,0.61512136,0.0,0.03201119,0.99844724,-0.04558997,0.0,-0.6142943,0.055635147,0.78711325,0.0,-20.16878,94.89688,190.03467,1.0],[0.57201385,0.016105026,0.8200858,0.0,0.07134864,0.99504066,-0.06930685,0.0,-0.8171349,0.09815648,0.568028,0.0,-22.482506,95.06485,201.72658,1.0],[0.4478016,-0.06522942,0.8917504,0.0,0.10203519,0.9945482,0.02151082,0.0,-0.8882919,0.081357345,0.452016,0.0,-26.815918,95.55487,210.25041,1.0],[0.39508462,-0.046642613,0.91745985,0.0,0.040604223,0.9986208,0.033283398,0.0,-0.9177469,0.024102984,0.39643365,0.0,-35.041767,94.69321,216.9669,1.0],[0.38412273,-0.08395894,0.9194567,0.0,0.07352936,0.99547553,0.06018203,0.0,-0.9203495,0.044489767,0.38855827,0.0,-48.169037,94.10065,222.951,1.0],[0.3431331,-0.116295084,0.93205965,0.0,0.12653947,0.9889831,0.07681268,0.0,-0.93072414,0.09158536,0.3540687,0.0,-60.116566,94.047905,226.76994,1.0],[0.15623236,-0.059148367,0.98594767,0.0,0.07704474,0.9958938,0.047536604,0.0,-0.9847109,0.06853533,0.1601479,0.0,-70.711586,96.35545,230.95906,1.0],[0.020223856,-0.09305786,0.99545527,0.0,0.07992158,0.99262315,0.0911694,0.0,-0.996596,0.07771456,0.027512014,0.0,-83.95432,95.93701,236.49896,1.0],[-0.07383871,0.012728639,0.997189,0.0,0.12012517,0.9927516,-0.0037771128,0.0,-0.990009,0.119508594,-0.07483244,0.0,-99.933945,95.90684,242.15665,1.0],[-0.09365249,-0.026686609,0.9952473,0.0,0.14466032,0.98866755,0.04012267,0.0,-0.98503953,0.14773037,-0.08873069,0.0,-111.63151,96.758995,244.45956,1.0],[-0.11450696,-0.056873187,0.9917931,0.0,0.09467085,0.9931914,0.06788355,0.0,-0.9889012,0.10166703,-0.108343124,0.0,-122.53287,95.44934,243.2828,1.0],[-0.090352654,-0.0479149,0.9947566,0.0,0.095347606,0.99383754,0.056530952,0.0,-0.99133515,0.099955365,-0.08522737,0.0,-135.8331,93.49816,239.69499,1.0],[-0.10075569,-0.10376516,0.9894853,0.0,0.114111155,0.98677784,0.115100764,0.0,-0.98834556,0.12450836,-0.08758271,0.0,-150.50743,94.53926,233.10275,1.0],[-0.20830035,-0.08399722,0.97445136,0.0,0.10991113,0.98798424,0.10865854,0.0,-0.97186965,0.12973666,-0.19656527,0.0,-161.30447,95.87312,228.1171,1.0],[-0.36305285,-0.06290502,0.92964286,0.0,0.04601417,0.99529076,0.08531702,0.0,-0.9306318,0.07375132,-0.35844862,0.0,-170.97348,95.85439,224.8493,1.0],[-0.4953239,-0.061629996,0.86651963,0.0,0.028261386,0.9958091,0.08698043,0.0,-0.86824876,0.06757252,-0.49150634,0.0,-182.67203,95.01827,220.79663,1.0],[-0.6915084,-0.0032914262,0.72236115,0.0,0.040199332,0.9982647,0.043030947,0.0,-0.7212493,0.058794685,-0.690176,0.0,-194.06552,95.17352,216.97525,1.0],[-0.80056477,-0.050830357,0.5970868,0.0,-0.004031269,0.9968302,0.0794557,0.0,-0.5992329,0.061202407,-0.7982321,0.0,-202.06631,96.09664,213.14165,1.0],[-0.85805357,-0.06418779,0.50953305,0.0,-0.04405877,0.9977012,0.051489197,0.0,-0.51166666,0.021731094,-0.85890913,0.0,-208.06348,96.234436,206.20203,1.0],[-0.8776946,-0.03776433,0.47773018,0.0,-0.011053078,0.99822026,0.05860189,0.0,-0.479093,0.046154168,-0.87654996,0.0,-212.98218,94.339226,193.92657,1.0],[-0.90060365,-0.08005769,0.4272046,0.0,-0.044266626,0.994674,0.09308095,0.0,-0.43238115,0.064918146,-0.899351,0.0,-215.67497,94.40221,179.81061,1.0],[-0.96195924,-0.04863096,0.26882985,0.0,-0.0256577,0.99576163,0.08832047,0.0,-0.27198556,0.07806314,-0.9591299,0.0,-218.15926,95.7115,168.58887,1.0],[-0.98689485,-0.0579461,0.15060161,0.0,-0.048158012,0.9965326,0.067849785,0.0,-0.15401106,0.059707925,-0.9862634,0.0,-221.3407,95.5598,157.19028,1.0],[-0.9961721,-0.081727624,0.031017983,0.0,-0.07825646,0.99188626,0.100187875,0.0,-0.03895443,0.097376995,-0.99448514,0.0,-225.59033,94.25894,141.82666,1.0],[-0.9933617,-0.0046690144,-0.11493943,0.0,-0.017477298,0.99370223,0.11068149,0.0,0.11369879,0.11195557,-0.9871874,0.0,-230.15282,95.0859,127.071884,1.0],[-0.99518454,-0.068421565,-0.07018661,0.0,-0.07612873,0.99058694,0.11376275,0.0,0.06174211,0.11855815,-0.9910257,0.0,-232.85483,96.69767,115.61572,1.0],[-0.99754965,-0.06994452,0.0016182419,0.0,-0.069687046,0.995399,0.065761685,0.0,-0.006210466,0.06548777,-0.9978341,0.0,-233.37003,96.597534,104.4065,1.0],[-0.98940945,-0.048574403,0.13678358,0.0,-0.036078766,0.99506855,0.09239554,0.0,-0.14059709,0.086482026,-0.9862827,0.0,-232.34311,94.73195,89.33439,1.0],[-0.9640355,-0.12055832,0.23685734,0.0,-0.08802597,0.98573434,0.14345475,0.0,-0.25077307,0.117445864,-0.9608952,0.0,-229.67375,94.38492,72.99836,1.0],[-0.9778539,-0.079613626,0.19355533,0.0,-0.047585264,0.985175,0.16482072,0.0,-0.20380783,0.15196018,-0.9671457,0.0,-228.55855,95.69011,60.40414,1.0],[-0.9940305,-0.055342853,0.09402286,0.0,-0.04472994,0.99276227,0.11145551,0.0,-0.09951062,0.10658456,-0.98931146,0.0,-229.26442,95.91096,48.72453,1.0],[-0.994589,-0.07974385,-0.06658781,0.0,-0.08609833,0.9913799,0.098756716,0.0,0.05813858,0.10395543,-0.9928814,0.0,-231.23187,93.883125,33.79114,1.0],[-0.97842014,-0.0022402545,-0.20661302,0.0,-0.02773394,0.9923167,0.12057519,0.0,0.20475544,0.12370339,-0.9709648,0.0,-234.42609,94.515686,16.895834,1.0],[-0.9806268,-0.048539914,-0.18977658,0.0,-0.07367853,0.9890673,0.1277391,0.0,0.18150137,0.13924682,-0.9734824,0.0,-235.81166,96.290184,3.3072524,1.0],[-0.99133945,-0.0712651,-0.11030709,0.0,-0.08041385,0.99347806,0.08083875,0.0,0.103826694,0.089008845,-0.99060464,0.0,-234.88766,95.99619,-9.2611475,1.0],[-0.9964285,-0.07892416,0.030024583,0.0,-0.07541313,0.9917035,0.1041008,0.0,-0.037991554,0.10146474,-0.99411356,0.0,-231.40176,94.30346,-25.61238,1.0],[-0.9734123,-0.15950911,0.16439554,0.0,-0.1336719,0.9783807,0.15780717,0.0,-0.1860131,0.13163632,-0.97368956,0.0,-226.70471,94.2096,-42.080975,1.0],[-0.99016106,-0.07826471,0.11599708,0.0,-0.062453147,0.98898745,0.13417694,0.0,-0.12522098,0.12561241,-0.9841448,0.0,-224.84024,95.6006,-54.645283,1.0],[-0.9950975,-0.07543197,0.06395919,0.0,-0.07030539,0.9943975,0.07893526,0.0,-0.0695551,0.07405161,-0.99482584,0.0,-225.41968,95.196526,-67.22965,1.0],[-0.99913406,-0.03866136,-0.0153863365,0.0,-0.039742425,0.9961929,0.077590555,0.0,0.0123280035,0.07813485,-0.9968667,0.0,-227.94907,94.08099,-83.73428,1.0],[-0.9871174,0.016122375,-0.15918308,0.0,0.002143222,0.99615324,0.08760193,0.0,0.1599831,0.08613223,-0.9833548,0.0,-230.84404,94.73485,-99.10421,1.0],[-0.9835688,-0.0547705,-0.17202638,0.0,-0.070558295,0.9937029,0.087040834,0.0,0.16617583,0.09774851,-0.9812397,0.0,-230.83656,96.94839,-111.34752,1.0],[-0.9920591,-0.044574577,-0.117608756,0.0,-0.051407736,0.9971221,0.05572046,0.0,0.11478658,0.06132399,-0.9914955,0.0,-227.92633,95.96229,-124.69388,1.0],[-0.9931737,-0.108417496,-0.043037035,0.0,-0.11261496,0.98736244,0.111504614,0.0,0.030404104,0.115590036,-0.9928318,0.0,-222.34047,95.01407,-141.27563,1.0],[-0.9934114,-0.1128177,0.020158738,0.0,-0.10883238,0.98378783,0.14253761,0.0,-0.035912685,0.13940452,-0.9895843,0.0,-217.35835,95.402565,-154.40485,1.0],[-0.99449587,-0.055152066,-0.08908408,0.0,-0.064595714,0.99217325,0.10686278,0.0,0.082493134,0.11202906,-0.9902748,0.0,-215.5678,96.400665,-165.51521,1.0],[-0.96785843,-0.07675601,-0.2394971,0.0,-0.09689229,0.99258083,0.07345168,0.0,0.23208237,0.09429625,-0.96811485,0.0,-215.48769,95.27819,-178.25093,1.0],[-0.9202192,-0.01761562,-0.39100698,0.0,-0.059940625,0.99354523,0.09630671,0.0,0.3867866,0.11206049,-0.9153353,0.0,-216.02452,94.847565,-193.49287,1.0],[-0.82356715,-0.012582259,-0.5670796,0.0,-0.07153803,0.9940749,0.08183798,0.0,0.56268984,0.10796681,-0.81958747,0.0,-216.27666,96.081726,-203.95755,1.0],[-0.73073745,-0.048269693,-0.68095016,0.0,-0.061990622,0.9980678,-0.004225809,0.0,0.6798384,0.039124563,-0.7323178,0.0,-213.72449,97.12335,-212.1461,1.0],[-0.65167224,-0.0032068365,-0.7584939,0.0,0.0012422893,0.9999852,-0.005295171,0.0,0.7584996,-0.004392985,-0.65165865,0.0,-206.59714,95.96604,-220.09091,1.0],[-0.6075542,-0.04907202,-0.792761,0.0,-0.05090283,0.9984435,-0.022793021,0.0,0.79264563,0.026505783,-0.6091064,0.0,-194.7355,95.08941,-227.82745,1.0],[-0.524307,-0.07427188,-0.8482843,0.0,-0.09284084,0.9952363,-0.029755343,0.0,0.84645325,0.06315449,-0.52870476,0.0,-183.93842,94.57623,-233.03511,1.0],[-0.33957875,-0.04918976,-0.9392907,0.0,-0.09289436,0.9955032,-0.018549776,0.0,0.9359793,0.08095569,-0.3426212,0.0,-174.42033,95.68427,-238.20142,1.0],[-0.16980577,-0.072534196,-0.9828046,0.0,-0.0938048,0.993949,-0.05714941,0.0,0.981003,0.082487494,-0.17558229,0.0,-162.9672,94.18652,-244.15704,1.0],[-0.027792215,0.0019492954,-0.99961185,0.0,-0.12848888,0.99169564,0.005506251,0.0,0.99132144,0.12859204,-0.027310967,0.0,-150.60905,94.324745,-250.99571,1.0],[0.036583543,-0.024629656,-0.9990271,0.0,-0.1400821,0.9896995,-0.0295294,0.0,0.98946387,0.14102611,0.032756567,0.0,-141.0656,96.3445,-255.5023,1.0],[0.032471,-0.0472353,-0.99835587,0.0,-0.08950378,0.9947319,-0.0499749,0.0,0.99545705,0.09097935,0.028072178,0.0,-131.60095,96.574844,-256.7381,1.0],[-0.032805443,-0.03069314,-0.99899036,0.0,-0.0977007,0.9948398,-0.027357262,0.0,0.994675,0.09670459,-0.035634875,0.0,-118.964165,95.49153,-255.2196,1.0],[-0.10087299,-0.09881184,-0.9899802,0.0,-0.10005338,0.99101865,-0.088720664,0.0,0.9898555,0.09010135,-0.10985339,0.0,-104.23763,95.316154,-250.8173,1.0],[-0.11612415,-0.094738334,-0.9887063,0.0,-0.12808704,0.9885569,-0.07968014,0.0,0.9849412,0.11738766,-0.12693012,0.0,-93.0826,95.83467,-247.31493,1.0],[-0.040483713,-0.048341118,-0.9980102,0.0,-0.10153254,0.99385774,-0.044021383,0.0,0.99400824,0.099548355,-0.045143247,0.0,-83.358444,96.46138,-246.08507,1.0],[0.07506144,-0.06926493,-0.9947704,0.0,-0.094471365,0.9926038,-0.07624251,0.0,0.9926938,0.0997002,0.067962706,0.0,-71.20508,94.9329,-245.77267,1.0],[0.25162303,-0.017423544,-0.9676685,0.0,-0.11397974,0.9923466,-0.04750607,0.0,0.96109027,0.122248225,0.24771136,0.0,-56.093403,94.89423,-245.91524,1.0],[0.39667273,-0.0067015365,-0.9179358,0.0,-0.10383842,0.9932274,-0.052123513,0.0,0.9120683,0.11599296,0.39329034,0.0,-45.696724,95.93687,-245.97896,1.0],[0.40373647,-0.06407876,-0.9126285,0.0,-0.044600353,0.9949795,-0.08959161,0.0,0.91378754,0.07687496,0.39885157,0.0,-37.555443,97.176414,-244.00874,1.0],[0.42269987,-0.008014336,-0.9062344,0.0,-0.042551417,0.99868256,-0.0286794,0.0,0.90527034,0.050684333,0.42180192,0.0,-28.958755,96.00786,-239.75777,1.0],[0.41929406,-0.04387283,-0.90678984,0.0,-0.04829317,0.9963395,-0.07053594,0.0,0.9065651,0.07336706,0.41564047,0.0,-19.337214,95.53127,-232.63116,1.0],[0.48859233,-0.07242873,-0.8695008,0.0,-0.03183647,0.99440503,-0.10072279,0.0,0.87193125,0.07689422,0.48355275,0.0,-12.75765,94.8312,-225.63591,1.0],[0.672449,-0.023287034,-0.7397771,0.0,-0.02960203,0.997859,-0.05831897,0.0,0.7395513,0.061115433,0.6703199,0.0,-7.1255755,96.14613,-220.89378,1.0],[0.8286641,-0.04592843,-0.5578587,0.0,0.022568885,0.9985591,-0.04868657,0.0,0.559291,0.027754568,0.82850665,0.0,-0.3748832,96.088974,-215.29382,1.0],[0.95103925,-0.013082411,-0.30879304,0.0,-0.005920687,0.9981493,-0.06052276,0.0,0.30901334,0.059387792,0.9492017,0.0,7.818278,95.99435,-207.84998,1.0],[0.9981849,0.0018026903,-0.06019641,0.0,-0.0066911355,0.99668306,-0.08110582,0.0,0.059850533,0.08136139,0.99488604,0.0,14.581054,95.88191,-202.06001,1.0],[0.99808526,-0.05825401,0.020791454,0.0,0.05968017,0.9952998,-0.07626657,0.0,-0.016250895,0.077361375,0.99687064,0.0,18.054724,96.74941,-196.29767,1.0],[0.99734455,-0.058804892,0.042962983,0.0,0.060959943,0.9968516,-0.050702073,0.0,-0.03984619,0.053186454,0.9977893,0.0,18.217302,96.30893,-189.14832,1.0],[0.9986868,-0.045046777,-0.024402294,0.0,0.043291032,0.99672914,-0.0682416,0.0,0.027396541,0.067095585,0.99737036,0.0,15.180775,94.95457,-178.29976,1.0],[0.99260306,-0.09869097,-0.070705384,0.0,0.09320472,0.99265766,-0.0770953,0.0,0.07779485,0.06993495,0.99451345,0.0,9.351659,95.04269,-166.63802,1.0],[0.9929181,-0.100615755,-0.0631676,0.0,0.09393026,0.9904297,-0.10112427,0.0,0.07273777,0.09447476,0.9928664,0.0,6.2888107,94.96318,-158.04257,1.0],[0.99805915,-0.057546534,-0.02379716,0.0,0.05552247,0.9953748,-0.07839827,0.0,0.028198643,0.07692483,0.99663806,0.0,5.124815,95.30473,-149.45854,1.0],[0.9947237,-0.08616581,0.055679955,0.0,0.08869741,0.9950544,-0.044715308,0.0,-0.051551655,0.04941804,0.9974469,0.0,4.7029843,94.14483,-137.50055,1.0],[0.98402226,-0.029028552,0.17566314,0.0,0.043833483,0.9957501,-0.0809956,0.0,-0.1725654,0.0874014,0.9811127,0.0,5.384057,94.00314,-121.8395,1.0],[0.9601025,-0.015342314,0.27922717,0.0,0.04509945,0.9939185,-0.10045971,0.0,-0.27598777,0.10904461,0.9549555,0.0,6.8027625,94.953865,-108.850494,1.0],[0.9826158,-0.06556218,0.17368874,0.0,0.081465505,0.99295294,-0.08606853,0.0,-0.1668219,0.098721944,0.9810323,0.0,6.1907554,96.034676,-98.323235,1.0],[0.99598235,-0.051216498,0.07345768,0.0,0.05550079,0.99680054,-0.057518516,0.0,-0.07027676,0.061364386,0.9956383,0.0,4.111469,95.23649,-87.45314,1.0],[0.99430484,-0.0634789,-0.08560566,0.0,0.05680328,0.99531156,-0.078283474,0.0,0.090173654,0.07297495,0.9932489,0.0,0.53418124,93.58983,-72.58034,1.0],[0.9770562,-0.13566941,-0.16417974,0.0,0.11940748,0.98725563,-0.10520524,0.0,0.17636052,0.08318713,0.9808042,0.0,-3.8482502,93.69185,-58.539146,1.0],[0.99214435,-0.08220238,-0.09429947,0.0,0.07175041,0.9914126,-0.109329514,0.0,0.10247683,0.101704635,0.98952246,0.0,-5.634777,94.94177,-48.05298,1.0],[0.9974009,-0.06914901,-0.020244932,0.0,0.06757159,0.9952338,-0.07031229,0.0,0.025010465,0.06876156,0.9973196,0.0,-5.5833545,95.049194,-37.345276,1.0],[0.9879777,-0.084051505,0.1297513,0.0,0.09326708,0.99340755,-0.06665362,0.0,-0.12329358,0.07795381,0.98930377,0.0,-4.333795,93.58886,-22.961489,1.0],[0.9695494,-0.015188523,0.24442434,0.0,0.03899729,0.9949147,-0.09286519,0.0,-0.2417709,0.09956928,0.9652113,0.0,-1.5032514,94.5187,-7.747324,1.0],[0.9796684,-0.0563338,-0.19255218,0.0,0.049174156,0.9979166,-0.04176566,0.0,0.19450384,0.03144791,0.9803975,0.0,-0.229424,91.60364,-0.496276,1.0],[0.9849328,-0.018984174,-0.17189234,0.0,0.028403347,0.9982167,0.052504197,0.0,0.17058906,-0.056595422,0.9837156,0.0,-0.13983002,91.492744,-0.84321713,1.0],[0.97326076,0.047783364,-0.22467808,0.0,-0.023755353,0.9938173,0.10845642,0.0,0.22847138,-0.10021907,0.96837854,0.0,-1.2007904,90.90575,-2.33721,1.0],[0.9879815,0.15380588,0.01537112,0.0,-0.15415096,0.9730707,0.17137936,0.0,0.011401968,-0.17168912,0.9850852,0.0,-0.5125194,84.43702,-8.892705,1.0],[0.8473692,0.05180927,0.5284707,0.0,-0.09496258,0.99397016,0.054821387,0.0,-0.52244383,-0.09663889,0.84717965,0.0,-0.85483336,76.12493,-13.310952,1.0],[0.55739415,0.080784746,0.82630837,0.0,-0.24739811,0.96620345,0.072423,0.0,-0.7925314,-0.2447953,0.55854213,0.0,-24.119848,76.53443,-6.8554277,1.0],[0.12886143,-0.04480329,0.99065,0.0,-0.21807876,0.9732432,0.072383225,0.0,-0.9673864,-0.22536713,0.115642846,0.0,-61.941635,79.76634,-5.6736765,1.0],[-0.028887153,0.2272727,0.9734027,0.0,-0.29293078,0.9291303,-0.22562899,0.0,-0.95569724,-0.29165733,0.039735258,0.0,-103.45121,81.27638,-6.6893616,1.0],[0.2906235,0.2988705,0.90896344,0.0,-0.28323954,0.934263,-0.2166287,0.0,-0.91395485,-0.19449696,0.3561707,0.0,-161.67697,81.49156,-3.610837,1.0],[-0.00033795834,0.023297042,0.99972856,0.0,-0.35714573,0.93379235,-0.021881223,0.0,-0.93404865,-0.35705617,0.008004904,0.0,-221.7449,85.269615,-0.9906487,1.0],[0.9717772,-0.054610744,0.22949229,0.0,-0.02163656,0.9481009,0.31723255,0.0,-0.23490615,-0.31324476,0.9201613,0.0,-0.362531,89.42203,1.947935,1.0],[0.99597466,0.06660979,-0.05998045,0.0,-0.046620138,0.9564758,0.2880636,0.0,0.0765577,-0.28410774,0.955731,0.0,-1.6345366,91.64506,88.914185,1.0],[0.9641188,-0.26428002,-0.025121469,0.0,0.2583828,0.91244256,0.31731197,0.0,-0.060937304,-0.31241736,0.9479884,0.0,0.28697944,90.23565,173.31403,1.0],[0.99854016,0.026079338,0.04730146,0.0,-0.026886389,0.9995022,0.01650656,0.0,-0.046847437,-0.017754227,0.99874425,0.0,0.181259,95.91448,0.730407,1.0],[0.92459255,-0.034111917,-0.37942713,0.0,0.03566747,0.9993594,-0.0029312167,0.0,0.37928408,-0.010823027,0.925217,0.0,-1.0825604,92.31799,15.592082,1.0],[0.44654107,-0.028371321,-0.8943133,0.0,0.050463676,0.99870485,-0.006485952,0.0,0.893339,-0.042234086,0.44739443,0.0,-4.088142,92.12099,22.970263,1.0],[-0.29587615,-0.011437647,-0.95515794,0.0,0.045120515,0.9986448,-0.025935218,0.0,0.95416015,-0.050770827,-0.2949592,0.0,-3.5052202,96.0589,26.383415,1.0],[-0.64654136,0.007545216,-0.7628419,0.0,0.06216155,0.997147,-0.04282187,0.0,0.7603424,-0.07510553,-0.6451658,0.0,-1.2880605,94.1712,20.050617,1.0],[-0.8763255,0.026170349,-0.48100805,0.0,0.05407887,0.99755573,-0.044249382,0.0,0.47867435,-0.064789236,-0.8755988,0.0,-0.24140334,93.18854,4.5659633,1.0],[0.9985415,-0.025344826,-0.047671586,0.0,0.021663219,0.9968557,-0.076219685,0.0,0.049453467,0.0750758,0.9959508,0.0,0.244185,96.49411,0.265634,1.0],[0.99375284,-0.017854543,-0.11016561,0.0,0.014378003,0.9993757,-0.032271553,0.0,0.110673025,0.030485986,0.9933892,0.0,0.50714356,92.16326,21.187073,1.0],[0.99302757,0.00296714,-0.11784502,0.0,-0.008300847,0.9989617,-0.044795368,0.0,0.11758975,0.04546125,0.99202114,0.0,5.721486,90.894066,45.419113,1.0],[0.95468664,-0.028587282,-0.2962368,0.0,0.004834545,0.9967343,-0.08060595,0.0,0.2975737,0.07552125,0.9517071,0.0,11.286853,94.67889,67.264175,1.0],[0.89052755,-0.031103684,-0.45386478,0.0,0.0051645804,0.9982869,-0.058279917,0.0,0.4549,0.049555853,0.88916266,0.0,16.16091,95.09404,86.37873,1.0],[0.84642005,-0.010521954,-0.5324118,0.0,-0.008389104,0.99941725,-0.03308816,0.0,0.5324497,0.032472942,0.84583855,0.0,22.255703,91.4741,107.54712,1.0],[0.79336524,-0.07695926,-0.60386163,0.0,0.01833913,0.99454784,-0.10265603,0.0,0.60846967,0.07036943,0.79045105,0.0,29.265087,93.3113,130.28035,1.0],[0.9987077,-0.046053715,0.021492245,0.0,0.04285361,0.99045354,0.1310164,0.0,-0.027320864,-0.12992609,0.9911472,0.0,0.701142,93.905014,2.680985,1.0],[0.9917727,-0.12645398,-0.019907597,0.0,0.1277882,0.96881837,0.21227613,0.0,-0.0075563164,-0.21307364,0.9770069,0.0,-0.83400893,99.06098,26.752829,1.0],[0.9694214,-0.19378275,-0.150567,0.0,0.19861647,0.9799191,0.017611098,0.0,0.14413074,-0.046977658,0.98844296,0.0,0.06426471,91.48505,49.653282,1.0],[0.9087956,-0.08341355,-0.40881866,0.0,0.1209257,0.99041