{"joints":[{"name":"Model_Hips","offset":[0.0,96.91508,0.0],"parent_index":null,"pose_refs":[{"pose_index":0,"data_type":"PositionX"},{"pose_index":1,"data_type":"PositionY"},{"pose_index":2,"data_type":"PositionZ"},{"pose_index":3,"data_type":"RotationX"},{"pose_index":4,"data_type":"RotationY"},{"pose_index":5,"data_type":"RotationZ"}]},{"name":"Model_Spine","offset":[0.0,11.137703,-1.2899],"parent_index":0,"pose_refs":[{"pose_index":6,"data_type":"RotationX"},{"pose_index":7,"data_type":"RotationY"},{"pose_index":8,"data_type":"RotationZ"}]},{"name":"Model_Spine1","offset":[0.0,12.993942,-1.504922],"parent_index":1,"pose_refs":[{"pose_index":9,"data_type":"RotationX"},{"pose_index":10,"data_type":"RotationY"},{"pose_index":11,"data_type":"RotationZ"}]},{"name":"Model_Spine2","offset":[0.0,14.85022,-1.719911],"parent_index":2,"pose_refs":[{"pose_index":12,"data_type":"RotationX"},{"pose_index":13,"data_type":"RotationY"},{"pose_index":14,"data_type":"RotationZ"}]},{"name":"Model_Neck","offset":[0.0,16.706543,-1.934903],"parent_index":3,"pose_refs":[{"pose_index":15,"data_type":"RotationX"},{"pose_index":16,"data_type":"RotationY"},{"pose_index":17,"data_type":"RotationZ"}]},{"name":"Model_Head","offset":[0.0,10.471298,2.0021],"parent_index":4,"pose_refs":[{"pose_index":18,"data_type":"RotationX"},{"pose_index":19,"data_type":"RotationY"},{"pose_index":20,"data_type":"RotationZ"}]},{"name":"Model_HeadTop_End","offset":[0.0,20.842606,3.9851],"parent_index":5,"pose_refs":[{"pose_index":21,"data_type":"RotationX"},{"pose_index":22,"data_type":"RotationY"},{"pose_index":23,"data_type":"RotationZ"}]},{"name":"Model_LeftShoulder","offset":[7.0085,14.7686,-1.919946],"parent_index":3,"pose_refs":[{"pose_index":24,"data_type":"RotationX"},{"pose_index":25,"data_type":"RotationY"},{"pose_index":26,"data_type":"RotationZ"}]},{"name":"Model_LeftArm","offset":[14.126271,-3.718048,0.029937],"parent_index":7,"pose_refs":[{"pose_index":27,"data_type":"RotationX"},{"pose_index":28,"data_type":"RotationY"},{"pose_index":29,"data_type":"RotationZ"}]},{"name":"Model_LeftForeArm","offset":[28.2828,0.0,0.0],"parent_index":8,"pose_refs":[{"pose_index":30,"data_type":"RotationX"},{"pose_index":31,"data_type":"RotationY"},{"pose_index":32,"data_type":"RotationZ"}]},{"name":"Model_LeftHand","offset":[26.204689,0.0,0.0],"parent_index":9,"pose_refs":[{"pose_index":33,"data_type":"RotationX"},{"pose_index":34,"data_type":"RotationY"},{"pose_index":35,"data_type":"RotationZ"}]},{"name":"Model_RightShoulder","offset":[-7.0085,14.768555,-1.94984],"parent_index":3,"pose_refs":[{"pose_index":36,"data_type":"RotationX"},{"pose_index":37,"data_type":"RotationY"},{"pose_index":38,"data_type":"RotationZ"}]},{"name":"Model_RightArm","offset":[-14.126281,-3.718018,-0.029932],"parent_index":11,"pose_refs":[{"pose_index":39,"data_type":"RotationX"},{"pose_index":40,"data_type":"RotationY"},{"pose_index":41,"data_type":"RotationZ"}]},{"name":"Model_RightForeArm","offset":[-28.283798,0.0,-0.000001],"parent_index":12,"pose_refs":[{"pose_index":42,"data_type":"RotationX"},{"pose_index":43,"data_type":"RotationY"},{"pose_index":44,"data_type":"RotationZ"}]},{"name":"Model_RightHand","offset":[-26.204193,0.0,-0.000001],"parent_index":13,"pose_refs":[{"pose_index":45,"data_type":"RotationX"},{"pose_index":46,"data_type":"RotationY"},{"pose_index":47,"data_type":"RotationZ"}]},{"name":"Model_LeftUpLeg","offset":[8.3277,-6.193199,-0.4028],"parent_index":0,"pose_refs":[{"pose_index":48,"data_type":"RotationX"},{"pose_index":49,"data_type":"RotationY"},{"pose_index":50,"data_type":"RotationZ"}]},{"name":"Model_LeftLeg","offset":[0.735802,-42.10874,-0.610721],"parent_index":15,"pose_refs":[{"pose_index":51,"data_type":"RotationX"},{"pose_index":52,"data_type":"RotationY"},{"pose_index":53,"data_type":"RotationZ"}]},{"name":"Model_LeftFoot","offset":[-0.735806,-36.833748,-0.172876],"parent_index":16,"pose_refs":[{"pose_index":54,"data_type":"RotationX"},{"pose_index":55,"data_type":"RotationY"},{"pose_index":56,"data_type":"RotationZ"}]},{"name":"Model_LeftToeBase","offset":[-0.565857,-11.977769,16.297714],"parent_index":17,"pose_refs":[{"pose_index":57,"data_type":"RotationX"},{"pose_index":58,"data_type":"RotationY"},{"pose_index":59,"data_type":"RotationZ"}]},{"name":"Model_LeftToe_End","offset":[-0.111712,-0.312793,7.857784],"parent_index":18,"pose_refs":[{"pose_index":60,"data_type":"RotationX"},{"pose_index":61,"data_type":"RotationY"},{"pose_index":62,"data_type":"RotationZ"}]},{"name":"Model_RightUpLeg","offset":[-8.3277,-6.193199,-0.5165],"parent_index":0,"pose_refs":[{"pose_index":63,"data_type":"RotationX"},{"pose_index":64,"data_type":"RotationY"},{"pose_index":65,"data_type":"RotationZ"}]},{"name":"Model_RightLeg","offset":[-0.735785,-42.108738,-0.434061],"parent_index":20,"pose_refs":[{"pose_index":66,"data_type":"RotationX"},{"pose_index":67,"data_type":"RotationY"},{"pose_index":68,"data_type":"RotationZ"}]},{"name":"Model_RightFoot","offset":[0.735776,-36.833748,-0.02163],"parent_index":21,"pose_refs":[{"pose_index":69,"data_type":"RotationX"},{"pose_index":70,"data_type":"RotationY"},{"pose_index":71,"data_type":"RotationZ"}]},{"name":"Model_RightToeBase","offset":[0.565817,-11.977745,15.903093],"parent_index":22,"pose_refs":[{"pose_index":72,"data_type":"RotationX"},{"pose_index":73,"data_type":"RotationY"},{"pose_index":74,"data_type":"RotationZ"}]},{"name":"Model_RightToe_End","offset":[0.111702,-0.312791,7.811342],"parent_index":23,"pose_refs":[{"pose_index":75,"data_type":"RotationX"},{"pose_index":76,"data_type":"RotationY"},{"pose_index":77,"data_type":"RotationZ"}]}],"trajectory_data":{"points":[{"matrix":[0.99854016,0.026079338,0.04730146,0.0,-0.026886389,0.9995022,0.01650656,0.0,-0.046847437,-0.017754227,0.99874425,0.0,0.181259,95.91448,0.730407,1.0],"velocity":[2.9529004,91.1302]},{"matrix":[0.924539,-0.03413523,-0.3795555,0.0,0.035692044,0.99935853,-0.002936719,0.0,0.37941226,-0.010832,0.92516434,0.0,-1.0832375,92.31658,15.594236,1.0],"velocity":[-22.941442,72.98994]},{"matrix":[0.4462241,-0.02835708,-0.89447194,0.0,0.05044146,0.99870586,-0.0064978953,0.0,0.8934986,-0.042218953,0.44707704,0.0,-4.0886226,92.12376,22.972202,1.0],"velocity":[-8.144741,32.845947]},{"matrix":[-0.2960949,-0.011445919,-0.95509,0.0,0.045117825,0.9986444,-0.025955208,0.0,0.9540923,-0.050776787,-0.2951771,0.0,-3.5042148,96.058044,26.383183,1.0],"velocity":[11.351483,-2.6166394]},{"matrix":[-0.6466992,0.007571131,-0.7627077,0.0,0.062192082,0.9971446,-0.042834297,0.0,0.7602056,-0.07513528,-0.6453234,0.0,-1.286499,94.170555,20.04018,1.0],"velocity":[13.228298,-88.41724]},{"matrix":[-0.876542,0.026172115,-0.48061326,0.0,0.054023243,0.99756074,-0.04420471,0.0,0.47828397,-0.06471157,-0.87581766,0.0,-0.24130607,93.18999,4.5530567,1.0],"velocity":[0.65950626,-87.45415]},{"matrix":[0.9985534,0.026060347,0.047032118,0.0,-0.026861515,0.99950325,0.016483504,0.0,-0.04657919,-0.017723013,0.99875736,0.0,-0.18072516,95.91543,-9.6961,1.0],"velocity":[2.9529004,91.1302]},{"matrix":[0.98723304,0.06879266,-0.14366123,0.0,-0.03721568,0.97658336,0.21189593,0.0,0.15487406,-0.2038442,0.9666755,0.0,0.730187,89.133385,1.783611,1.0],"velocity":[16.492771,87.3213]},{"matrix":[0.9953519,0.040589772,-0.08733295,0.0,-0.025692895,0.985894,0.1653871,0.0,0.09281406,-0.16237453,0.98235434,0.0,1.2162932,93.47003,3.4027104,1.0],"velocity":[1.6737866,-51.834778]},{"matrix":[0.99443746,-0.049415886,0.093017206,0.0,0.03607642,0.98949605,0.13998577,0.0,-0.09895767,-0.13585135,0.9857747,0.0,0.11576736,90.25889,3.069033,1.0],"velocity":[-10.140758,15.79349]},{"matrix":[0.9942255,0.033932578,-0.101804815,0.0,-0.022266733,0.99327564,0.113611996,0.0,0.104975395,-0.11068909,0.98829556,0.0,-0.5131942,91.146324,1.5111068,1.0],"velocity":[6.0923376,6.1947565]},{"matrix":[0.9880385,0.038838524,-0.14923656,0.0,-0.00609681,0.9768458,0.21385756,0.0,0.15408704,-0.21038964,0.9653981,0.0,1.2744931,90.76854,4.117752,1.0],"velocity":[8.8642235,-3.6975982]},{"matrix":[0.999584,0.024029171,-0.015948184,0.0,-0.021158693,0.9867875,0.16063228,0.0,0.01959733,-0.16022801,0.9868855,0.0,1.2027792,92.23939,2.0722492,1.0],"velocity":[-3.78352,26.205975]},{"matrix":[0.99724394,-0.012223545,0.0731786,0.0,0.0007068743,0.9878552,0.15537557,0.0,-0.074189104,-0.1548956,0.9851413,0.0,-0.23885548,92.309586,3.5615742,1.0],"velocity":[-8.535791,-28.856245]},{"matrix":[0.9863706,0.086178556,-0.1401652,0.0,-0.06696327,0.98838013,0.13645731,0.0,0.1502962,-0.12521155,0.9806799,0.0,-0.12719817,89.89354,-0.035666704,1.0],"velocity":[16.957163,-73.04914]},{"matrix":[0.987233,0.06879257,-0.14366138,0.0,-0.03721556,0.9765834,0.21189587,0.0,0.15487418,-0.20384414,0.9666755,0.0,0.73019207,89.133354,1.783606,1.0],"velocity":[0.0,0.0]},{"matrix":[0.987233,0.06879257,-0.14366138,0.0,-0.03721556,0.9765834,0.21189587,0.0,0.15487418,-0.20384414,0.9666755,0.0,0.73019207,89.133354,1.783606,1.0],"velocity":[0.0,0.0]},{"matrix":[0.987233,0.06879257,-0.14366138,0.0,-0.03721556,0.9765834,0.21189587,0.0,0.15487418,-0.20384414,0.9666755,0.0,0.73019207,89.133354,1.783606,1.0],"velocity":[0.0,0.0]},{"matrix":[0.987233,0.06879257,-0.14366138,0.0,-0.03721556,0.9765834,0.21189587,0.0,0.15487418,-0.20384414,0.9666755,0.0,0.73019207,89.133354,1.783606,1.0],"velocity":[0.0,0.0]},{"matrix":[0.987233,0.06879257,-0.14366138,0.0,-0.03721556,0.9765834,0.21189587,0.0,0.15487418,-0.20384414,0.9666755,0.0,0.73019207,89.133354,1.783606,1.0],"velocity":[0.0,0.0]},{"matrix":[0.987233,0.06879257,-0.14366138,0.0,-0.03721556,0.9765834,0.21189587,0.0,0.15487418,-0.20384414,0.9666755,0.0,0.73019207,89.133354,1.783606,1.0],"velocity":[0.0,0.0]},{"matrix":[0.987233,0.06879257,-0.14366138,0.0,-0.03721556,0.9765834,0.21189587,0.0,0.15487418,-0.20384414,0.9666755,0.0,0.73019207,89.133354,1.783606,1.0],"velocity":[0.0,0.0]},{"matrix":[0.987233,0.06879257,-0.14366138,0.0,-0.03721556,0.9765834,0.21189587,0.0,0.15487418,-0.20384414,0.9666755,0.0,0.73019207,89.133354,1.783606,1.0],"velocity":[0.0,0.0]},{"matrix":[0.987233,0.06879257,-0.14366138,0.0,-0.03721556,0.9765834,0.21189587,0.0,0.15487418,-0.20384414,0.9666755,0.0,0.73019207,89.133354,1.783606,1.0],"velocity":[0.0,0.0]},{"matrix":[0.987233,0.06879257,-0.14366138,0.0,-0.03721556,0.9765834,0.21189587,0.0,0.15487418,-0.20384414,0.9666755,0.0,0.73019207,89.133354,1.783606,1.0],"velocity":[0.0,0.0]},{"matrix":[0.987233,0.06879257,-0.14366138,0.0,-0.03721556,0.9765834,0.21189587,0.0,0.15487418,-0.20384414,0.9666755,0.0,0.73019207,89.133354,1.783606,1.0],"velocity":[0.0,0.0]},{"matrix":[0.987233,0.06879257,-0.14366138,0.0,-0.03721556,0.9765834,0.21189587,0.0,0.15487418,-0.20384414,0.9666755,0.0,0.73019207,89.133354,1.783606,1.0],"velocity":[0.0,0.0]},{"matrix":[0.987233,0.06879257,-0.14366138,0.0,-0.03721556,0.9765834,0.21189587,0.0,0.15487418,-0.20384414,0.9666755,0.0,0.73019207,89.133354,1.783606,1.0],"velocity":[0.0,0.0]},{"matrix":[0.987233,0.06879257,-0.14366138,0.0,-0.03721556,0.9765834,0.21189587,0.0,0.15487418,-0.20384414,0.9666755,0.0,0.73019207,89.133354,1.783606,1.0],"velocity":[0.0,0.0]},{"matrix":[0.987233,0.06879257,-0.14366138,0.0,-0.03721556,0.9765834,0.21189587,0.0,0.15487418,-0.20384414,0.9666755,0.0,0.73019207,89.133354,1.783606,1.0],"velocity":[0.0,0.0]},{"matrix":[0.987233,0.06879257,-0.14366138,0.0,-0.03721556,0.9765834,0.21189587,0.0,0.15487418,-0.20384414,0.9666755,0.0,0.73019207,89.133354,1.783606,1.0],"velocity":[0.0,0.0]},{"matrix":[0.987233,0.06879257,-0.14366138,0.0,-0.03721556,0.9765834,0.21189587,0.0,0.15487418,-0.20384414,0.9666755,0.0,0.73019207,89.133354,1.783606,1.0],"velocity":[0.0,0.0]},{"matrix":[0.95178956,-0.095045865,0.29165554,0.0,0.027579423,0.9734507,0.22722922,0.0,-0.3055095,-0.20823072,0.9291415,0.0,-0.118598,91.18951,1.840059,1.0],"velocity":[-8.137158,319.60925]},{"matrix":[0.98622817,-0.0012192745,0.16538586,0.0,-0.047457606,0.9558354,0.29004568,0.0,-0.1584353,-0.2939,0.94261396,0.0,0.0546827,99.88515,55.466846,1.0],"velocity":[5.1882167,330.6233]},{"matrix":[0.9978943,0.06486074,-0.00023646373,0.0,-0.062789895,0.96693504,0.24717218,0.0,0.016260415,-0.24663687,0.96897155,0.0,2.845698,88.82139,106.13829,1.0],"velocity":[5.8160434,283.95474]},{"matrix":[0.9814159,-0.12580551,-0.14489913,0.0,0.15779872,0.9587673,0.23635736,0.0,0.1091895,-0.25482976,0.9608015,0.0,2.690664,94.92569,163.81741,1.0],"velocity":[4.618529,368.38254]},{"matrix":[0.9930334,-0.10713358,0.04906158,0.0,0.09479706,0.97365576,0.20738372,0.0,-0.06998685,-0.20128807,0.9770286,0.0,3.258787,96.99299,227.00175,1.0],"velocity":[-8.655423,346.87814]},{"matrix":[0.9665331,-0.16046843,0.20015901,0.0,0.1200223,0.9724126,0.20002094,0.0,-0.22673419,-0.16930333,0.95912874,0.0,0.81887245,87.29485,278.84323,1.0],"velocity":[-17.161161,357.1273]},{"matrix":[0.9804162,0.026498904,0.1951458,0.0,-0.085803464,0.94938755,0.30216068,0.0,-0.17726205,-0.3129874,0.93306863,0.0,-0.24859333,97.94772,334.3891,1.0],"velocity":[6.4562917,332.18903]},{"matrix":[0.99854493,0.05040761,0.019160092,0.0,-0.052947566,0.98383474,0.17107236,0.0,-0.010227015,-0.17183793,0.98507214,0.0,-0.231702,93.72711,1.647629,1.0],"velocity":[6.5770087,194.58763]},{"matrix":[0.99720776,0.0644273,0.037760243,0.0,-0.07114041,0.97335666,0.21798119,0.0,-0.022710245,-0.2200588,0.97522223,0.0,0.31918153,99.5537,39.118984,1.0],"velocity":[-5.8790426,254.33301]},{"matrix":[0.9962445,0.07257111,-0.047226228,0.0,-0.059720308,0.97086084,0.23208347,0.0,0.06269265,-0.22839153,0.97154874,0.0,-0.09586677,93.36362,77.341324,1.0],"velocity":[5.4692507,213.11449]},{"matrix":[0.9875833,-0.035819985,-0.15295835,0.0,0.07905003,0.95471954,0.286813,0.0,0.13575868,-0.29534307,0.9456966,0.0,0.6130625,99.81761,114.829735,1.0],"velocity":[7.2678976,271.49194]},{"matrix":[0.9936079,-0.02360088,-0.11039172,0.0,0.044571254,0.9804687,0.19155808,0.0,0.10371469,-0.19525392,0.9752534,0.0,0.5551032,94.74932,159.96263,1.0],"velocity":[-4.654645,251.28986]},{"matrix":[0.99708235,0.06581943,0.038659353,0.0,-0.07146312,0.9829005,0.16970463,0.0,-0.026828434,-0.1719722,0.9847364,0.0,-0.12035358,94.76462,200.64163,1.0],"velocity":[9.616908,200.7334]},{"matrix":[0.9980956,0.05927887,0.01706624,0.0,-0.061586753,0.9733221,0.22102304,0.0,-0.0035089524,-0.22165318,0.97511923,0.0,0.22001386,99.199745,239.11914,1.0],"velocity":[-9.128398,267.2989]},{"matrix":[0.99994254,0.0088560805,-0.0060402486,0.0,-0.009087414,0.99918175,-0.039411984,0.0,0.0056862705,0.039464608,0.9992048,0.0,0.00073,95.938324,0.333576,1.0],"velocity":[-2.9266815,99.80651]},{"matrix":[0.9999098,-0.0016164747,-0.013331833,0.0,0.0023238356,0.9985804,0.053214453,0.0,0.013226888,-0.053240635,0.9984941,0.0,-0.84111726,95.05915,17.775097,1.0],"velocity":[-7.873042,120.559845]},{"matrix":[0.98662883,0.06998631,0.14719212,0.0,-0.0650053,0.99714625,-0.038388528,0.0,-0.14945874,0.028306961,0.98836267,0.0,-3.2747188,91.31044,39.809082,1.0],"velocity":[-26.03589,116.80111]},{"matrix":[0.8463644,0.089307725,0.5250632,0.0,-0.04940936,0.99475574,-0.0895531,0.0,-0.5303075,0.04985152,0.8463385,0.0,-7.343124,92.79825,56.389393,1.0],"velocity":[-20.684298,90.27629]},{"matrix":[0.45791817,0.1360496,0.87852234,0.0,-0.04992384,0.9905963,-0.12738344,0.0,-0.8875914,0.014471993,0.46040416,0.0,-11.365464,95.791374,69.76826,1.0],"velocity":[-34.97588,76.90734]},{"matrix":[0.29913807,0.10766615,0.9481162,0.0,-0.021482691,0.994122,-0.10611252,0.0,-0.9539679,0.011374205,0.29969275,0.0,-21.978495,95.34003,84.20984,1.0],"velocity":[-101.47251,95.04999]},{"matrix":[0.110120416,0.13000181,0.9853797,0.0,0.04302319,0.9898564,-0.13540046,0.0,-0.9929867,0.057304535,0.1034103,0.0,-37.376938,94.57595,97.14433,1.0],"velocity":[-81.745346,56.05113]},{"matrix":[0.99739856,0.046447318,0.05512535,0.0,-0.051401217,0.99441814,0.09214352,0.0,-0.050537832,-0.09473732,0.99421865,0.0,-0.285049,90.422264,1.833879,1.0],"velocity":[13.935381,462.44443]},{"matrix":[0.8479769,-0.109036386,-0.51869667,0.0,-0.032038156,0.966278,-0.2555002,0.0,0.52906406,0.23327637,0.81588817,0.0,-2.3424494,66.40777,58.694557,1.0],"velocity":[-31.937849,182.63467]},{"matrix":[0.3739336,-0.16490018,-0.9126783,0.0,0.13456619,0.9833001,-0.12252681,0.0,0.91764134,-0.076998726,0.38987893,0.0,-10.471019,64.05685,61.19533,1.0],"velocity":[-49.809933,-96.9412]},{"matrix":[-0.65178394,-0.09110477,-0.7529127,0.0,0.15367901,0.9562976,-0.24875234,0.0,0.7426711,-0.2778397,-0.60929847,0.0,-7.24284,73.53483,43.42092,1.0],"velocity":[74.79463,-169.01534]},{"matrix":[0.9974273,0.04635796,0.05467886,0.0,-0.05124779,0.9944663,0.09170845,0.0,-0.050124865,-0.094274685,0.99428356,0.0,0.2854185,90.40954,-1.8010979,1.0],"velocity":[13.935381,462.44443]},{"matrix":[0.8477385,-0.10921535,-0.51904863,0.0,-0.03200926,0.9662544,-0.25559318,0.0,0.52944773,0.23329052,0.8156351,0.0,-1.7774887,66.39342,55.02599,1.0],"velocity":[-31.937849,182.63467]},{"matrix":[0.37327278,-0.16483463,-0.9129607,0.0,0.13462843,0.9832962,-0.122489564,0.0,0.91790134,-0.07718841,0.38922912,0.0,-9.908203,64.06051,57.493202,1.0],"velocity":[-49.809933,-96.9412]},{"matrix":[0.9957679,-0.047483258,0.07868689,0.0,0.020379478,0.94895726,0.3147456,0.0,-0.08961564,-0.31180996,0.9459089,0.0,-0.182035,85.91976,1.252781,1.0],"velocity":[-19.122097,438.93475]},{"matrix":[0.992011,-0.048794124,-0.11633258,0.0,0.052936938,0.99805933,0.03279044,0.0,0.11450685,-0.03868677,0.99266887,0.0,-1.1842884,88.60651,74.30397,1.0],"velocity":[29.776505,394.3807]},{"matrix":[0.9864436,-0.09795852,-0.13165553,0.0,0.08505516,0.99131465,-0.10030419,0.0,0.14033769,0.08774644,0.98620784,0.0,-0.065206885,84.20716,135.98196,1.0],"velocity":[0.4523909,364.52917]},{"matrix":[0.7644036,-0.22984415,-0.60237765,0.0,0.09108859,0.9634263,-0.25201708,0.0,0.6382711,0.137773,0.7573827,0.0,-1.8866045,74.17363,198.17973,1.0],"velocity":[-3.9698763,319.20505]},{"matrix":[0.40137345,-0.4516355,-0.79682165,0.0,0.20439503,0.8922017,-0.4027391,0.0,0.89281696,-0.0012175888,0.4504181,0.0,-1.2100593,64.51305,252.64061,1.0],"velocity":[-17.613007,285.81644]},{"matrix":[0.015159428,-0.5011299,-0.8652392,0.0,0.28066275,0.83268213,-0.47735617,0.0,0.9596867,-0.23560402,0.1532715,0.0,-3.856771,56.490765,296.72415,1.0],"velocity":[-10.143755,177.50806]},{"matrix":[-0.2245121,-0.42199942,-0.87835675,0.0,0.42404136,0.7692455,-0.4779648,0.0,0.8773728,-0.47976854,0.0062402487,0.0,-3.7818382,61.791092,308.96518,1.0],"velocity":[39.259075,-28.6829]},{"matrix":[-0.6146966,-0.37214231,-0.6954556,0.0,0.1833359,0.7901453,-0.5848576,0.0,0.7671612,-0.48701188,-0.4174726,0.0,5.1939383,70.92373,293.09253,1.0],"velocity":[23.21731,-117.53123]},{"matrix":[-0.93619883,-0.18769896,-0.29715466,0.0,0.0070948675,0.83519554,-0.5499074,0.0,0.3513993,-0.5169309,-0.7805773,0.0,6.0622487,80.421165,267.57507,1.0],"velocity":[-10.10702,-242.71428]},{"matrix":[-0.975821,-0.060944844,-0.20990294,0.0,0.045690667,0.8822442,-0.46856964,0.0,0.21374255,-0.46683067,-0.85812783,0.0,8.195013,85.14516,226.77466,1.0],"velocity":[9.692895,-230.54167]},{"matrix":[-0.9916321,0.09800778,-0.084024936,0.0,0.12506221,0.8907403,-0.4369682,0.0,0.032018114,-0.44382006,-0.8955438,0.0,7.4903035,84.456604,179.96791,1.0],"velocity":[-2.9344356,-350.69766]},{"matrix":[-0.971768,0.1952067,0.13251992,0.0,0.12788823,0.90780276,-0.39942306,0.0,-0.198272,-0.37119877,-0.90713835,0.0,5.552721,85.01194,126.548965,1.0],"velocity":[-13.260377,-284.4157]},{"matrix":[-0.9994831,-0.00721349,-0.031328104,0.0,0.0050296905,0.9274118,-0.37400812,0.0,0.03175196,-0.37397236,-0.9268961,0.0,1.6076641,89.468376,63.108536,1.0],"velocity":[-1.7537078,-409.7432]},{"matrix":[0.998722,0.045667678,-0.021651354,0.0,-0.042448096,0.9904615,0.13108802,0.0,0.027431317,-0.13000143,0.9911343,0.0,-0.698,93.90083,2.678952,1.0],"velocity":[11.112621,142.83891]},{"matrix":[0.9917694,0.12650512,0.019748567,0.0,-0.12780468,0.9688274,0.21222484,0.0,0.007714573,-0.21300206,0.9770213,0.0,0.8325798,99.07704,26.760403,1.0],"velocity":[1.9263813,155.20134]},{"matrix":[0.96953547,0.19332166,0.15042505,0.0,-0.19813825,0.9800165,0.017574504,0.0,-0.14402151,-0.046844058,0.9884652,0.0,-0.059591234,91.49993,49.665455,1.0],"velocity":[-34.8911,129.05885]},{"matrix":[0.90876955,0.08345022,0.4088691,0.0,-0.120972835,0.9904099,0.06673652,0.0,-0.39937884,-0.11011018,0.9101496,0.0,-10.143379,99.89601,73.628105,1.0],"velocity":[-80.12644,158.12947]},{"matrix":[0.85002834,0.10715696,0.51572204,0.0,-0.08051866,0.9940155,-0.073823735,0.0,-0.52054644,0.02122702,0.8535695,0.0,-24.861975,91.53804,98.37729,1.0],"velocity":[-85.38473,120.51533]},{"matrix":[0.75608444,0.0801937,0.6495424,0.0,-0.108513296,0.99408853,0.0035803355,0.0,-0.6454155,-0.07319102,0.76031697,0.0,-38.628246,94.29099,115.1334,1.0],"velocity":[-94.43522,108.95107]},{"matrix":[0.6186738,0.13553664,0.7738685,0.0,-0.21711007,0.97614366,0.0026065186,0.0,-0.7550536,-0.16962725,0.6333409,0.0,-55.47798,97.57065,133.62274,1.0],"velocity":[-110.00345,112.46846]},{"matrix":[0.46376872,0.18002728,0.8674726,0.0,-0.124112904,0.9826834,-0.13758375,0.0,-0.87721974,-0.043857504,0.47808158,0.0,-72.537735,88.11973,149.38412,1.0],"velocity":[-115.03921,66.86146]},{"matrix":[0.25447935,0.056568105,0.96542233,0.0,-0.117440715,0.9927071,-0.02721019,0.0,-0.9599208,-0.10645546,0.25926685,0.0,-97.23449,97.01416,158.55629,1.0],"velocity":[-173.53474,42.939205]},{"matrix":[0.14547342,0.09582521,0.98471075,0.0,-0.006600186,0.99537027,-0.09588748,0.0,-0.98934025,0.007449817,0.14543241,0.0,-125.98809,89.18348,164.13013,1.0],"velocity":[-145.89323,18.47589]},{"matrix":[-0.075457215,0.09368988,0.9927378,0.0,-0.08935734,0.9909353,-0.10031175,0.0,-0.9931372,-0.09627766,-0.06640136,0.0,-148.40718,91.59273,166.21031,1.0],"velocity":[-153.51164,10.309547]},{"matrix":[-0.20280707,0.1376245,0.9694993,0.0,-0.1844106,0.9669909,-0.17584482,0.0,-0.9616975,-0.21444851,-0.17073321,0.0,-174.89468,95.20308,166.31102,1.0],"velocity":[-163.54471,-5.9315834]},{"matrix":[-0.31600583,0.20945075,0.92534894,0.0,0.015919149,0.9763607,-0.21556076,0.0,-0.9486237,-0.05338767,-0.31186986,0.0,-198.75204,86.11665,164.26973,1.0],"velocity":[-129.54729,-51.098225]},{"matrix":[-0.5892843,0.08218805,0.80373454,0.0,-0.07477064,0.9849951,-0.1555439,0.0,-0.8044585,-0.1517553,-0.57429695,0.0,-223.78273,94.62367,150.0799,1.0],"velocity":[-142.20969,-92.01049]},{"matrix":[-0.7197952,0.123237796,0.68316,0.0,0.083770044,0.99234414,-0.0907504,0.0,-0.6891137,-0.008093357,-0.7246082,0.0,-247.29538,87.403496,132.25989,1.0],"velocity":[-118.11898,-96.63564]},{"matrix":[-0.8749051,0.09122669,0.4756247,0.0,0.031617902,0.9907625,-0.13187143,0.0,-0.48326132,-0.10033673,-0.8697076,0.0,-264.77347,89.61304,117.15124,1.0],"velocity":[-110.846176,-116.3049]},{"matrix":[-0.9376402,0.15693939,0.31016293,0.0,0.071282,0.96012664,-0.27032512,0.0,-0.34022036,-0.23135865,-0.9114404,0.0,-282.6212,93.313835,95.54434,1.0],"velocity":[-102.16532,-144.42613]},{"matrix":[-0.9554523,0.24875128,0.15885068,0.0,0.23869324,0.96780705,-0.07984376,0.0,-0.17359807,-0.03837033,-0.98406875,0.0,-296.49094,85.48693,74.88205,1.0],"velocity":[-37.47911,-117.8306]},{"matrix":[-0.99020326,0.08703015,-0.10919473,0.0,0.09907737,0.9889541,-0.11024247,0.0,0.09839416,-0.11998117,-0.98788834,0.0,-299.3787,94.28045,49.82537,1.0],"velocity":[-4.11796,-170.00958]},{"matrix":[-0.9479232,0.14130113,-0.28543878,0.0,0.14143142,0.98974055,0.02026811,0.0,0.28537422,-0.0211574,-0.95818245,0.0,-298.1447,87.0974,21.67057,1.0],"velocity":[16.865509,-152.68356]},{"matrix":[-0.87394047,0.106381506,-0.474248,0.0,0.14430475,0.98854667,-0.044176627,0.0,0.4641167,-0.10704398,-0.87928236,0.0,-293.78735,88.29456,0.03347969,1.0],"velocity":[37.469955,-140.72107]},{"matrix":[-0.7730849,0.1685164,-0.6115079,0.0,0.28913337,0.95170283,-0.10326462,0.0,0.564572,-0.25663966,-0.7844708,0.0,-285.6456,94.94942,-25.04558,1.0],"velocity":[57.440872,-153.25165]},{"matrix":[-0.69367206,0.27822164,-0.6643883,0.0,0.2533364,0.9576932,0.13654451,0.0,0.6742698,-0.07359663,-0.7348087,0.0,-277.13422,85.91085,-48.087814,1.0],"velocity":[68.76755,-99.23661]},{"matrix":[-0.54887855,0.12463336,-0.82655853,0.0,0.15855373,0.986394,0.04344626,0.0,0.8207273,-0.107207224,-0.56117153,0.0,-259.9625,95.26039,-64.458176,1.0],"velocity":[131.10274,-97.48249]},{"matrix":[-0.42826438,0.14638108,-0.89171886,0.0,0.13113543,0.9864143,0.09894576,0.0,0.89408803,-0.07456099,-0.44164193,0.0,-236.81004,91.283035,-79.99815,1.0],"velocity":[135.23442,-81.61581]},{"matrix":[-0.29599524,0.09663257,-0.95028913,0.0,0.13146155,0.98952353,0.05967474,0.0,0.9461,-0.10726304,-0.30559766,0.0,-216.65187,88.261246,-90.078415,1.0],"velocity":[138.8397,-50.20423]},{"matrix":[-0.10453713,0.15518242,-0.9823392,0.0,0.2690369,0.9553351,0.12228654,0.0,0.95743984,-0.25150198,-0.14161777,0.0,-192.0872,97.28655,-99.1452,1.0],"velocity":[169.08446,-48.359478]},{"matrix":[-0.08429527,0.22751096,-0.97012025,0.0,0.09257555,0.97116256,0.2197114,0.0,0.9921312,-0.07128882,-0.10292637,0.0,-166.68695,88.4981,-106.95836,1.0],"velocity":[130.08377,-22.68128]},{"matrix":[0.14380181,0.11319575,-0.9831112,0.0,0.09886195,0.9868236,0.12808393,0.0,0.9846559,-0.11561099,0.13071626,0.0,-141.94481,96.88855,-106.79112,1.0],"velocity":[172.94058,22.08803]},{"matrix":[0.35309243,0.11079262,-0.92900527,0.0,0.058180973,0.9884415,0.13999416,0.0,0.9337777,-0.103481315,0.34256518,0.0,-113.35814,95.25439,-101.49213,1.0],"velocity":[168.33878,50.04447]},{"matrix":[0.4920447,0.029587734,-0.870067,0.0,0.014364056,0.9990103,0.04209585,0.0,0.87045145,-0.033210736,0.49113274,0.0,-89.95027,88.777214,-94.58239,1.0],"velocity":[128.651,53.707882]},{"matrix":[0.6622985,0.13824533,-0.7363756,0.0,0.06995492,0.9671267,0.24448366,0.0,0.74596715,-0.21343426,0.6308556,0.0,-66.62118,98.58069,-84.45755,1.0],"velocity":[144.99649,76.61072]},{"matrix":[0.73469806,0.2225146,-0.6408635,0.0,-0.122305155,0.97264355,0.1974992,0.0,0.66727823,-0.066721365,0.741814,0.0,-42.710712,90.51411,-72.10233,1.0],"velocity":[116.53721,63.68922]},{"matrix":[0.8583228,0.15405689,-0.48943686,0.0,-0.085877776,0.9835399,0.15897913,0.0,0.5058725,-0.09442367,0.85742474,0.0,-26.319544,95.367386,-55.732086,1.0],"velocity":[83.230644,141.07652]},{"matrix":[0.95945823,0.107209995,-0.2606643,0.0,-0.06596789,0.9845619,0.16212976,0.0,0.27402207,-0.13836128,0.95171845,0.0,-13.139821,97.71399,-31.607643,1.0],"velocity":[70.19523,161.95195]},{"matrix":[0.9899042,0.038303,-0.13646445,0.0,-0.035335157,0.9990848,0.02410533,0.0,0.13726285,-0.019039975,0.9903517,0.0,-3.2659674,88.726166,-7.741394,1.0],"velocity":[36.690228,121.50365]},{"matrix":[0.99145544,0.06947268,-0.11040705,0.0,-0.07611684,0.99546003,-0.05714471,0.0,0.105935805,0.065060265,0.9922423,0.0,-0.170417,96.33266,0.305551,1.0],"velocity":[3.6166077,-22.660587]},{"matrix":[0.9774608,0.03904819,0.20747447,0.0,-0.031508196,0.9987217,-0.03952413,0.0,-0.2087526,0.03209614,0.97744167,0.0,2.2466419,96.649284,-3.8003712,1.0],"velocity":[21.721182,-25.326385]},{"matrix":[0.9101321,0.03126578,0.41313678,0.0,-0.010232983,0.9985407,-0.053025518,0.0,-0.41419178,0.044032607,0.9091239,0.0,4.6456065,96.719536,-7.534181,1.0],"velocity":[-1.268724,-20.712791]},{"matrix":[0.80804443,0.040539924,0.587725,0.0,0.012404093,0.9962376,-0.08577218,0.0,-0.58899087,0.07659794,0.8045014,0.0,4.097761,96.09832,-10.580817,1.0],"velocity":[1.2453785,-3.5722592]},{"matrix":[0.5247538,0.07010919,0.848362,0.0,0.0324238,0.99423325,-0.1022198,0.0,-0.8506363,0.08114735,0.5194545,0.0,3.7794273,96.78101,-7.527658,1.0],"velocity":[-25.171965,52.573483]},{"matrix":[0.15661788,0.07031013,0.9851535,0.0,0.05443427,0.9953323,-0.07969046,0.0,-0.9861581,0.066107064,0.15205956,0.0,0.09520221,96.402145,-1.1216836,1.0],"velocity":[-9.146638,18.44381]},{"matrix":[-0.024253488,0.05917774,0.9979529,0.0,0.043301545,0.99737173,-0.058090918,0.0,-0.9987677,0.041803993,-0.026752234,0.0,1.1493398,96.244576,0.36016476,1.0],"velocity":[25.076265,13.8599615]},{"matrix":[0.99618316,-0.02284849,0.084243916,0.0,0.03067854,0.9952069,-0.092855036,0.0,-0.08171853,0.0950851,0.9921093,0.0,0.370187,97.632675,-0.875546,1.0],"velocity":[0.6188269,0.6322663]},{"matrix":[0.99617517,-0.016060721,0.085890286,0.0,0.02401663,0.995431,-0.09241356,0.0,-0.08401363,0.09412289,0.9920094,0.0,0.5848416,97.60801,-0.6567855,1.0],"velocity":[2.4532318,2.8153226]},{"matrix":[0.99626404,-0.01680626,0.084708326,0.0,0.023636237,0.99649185,-0.080282934,0.0,-0.083061896,0.08198518,0.9931662,0.0,1.2187562,97.25425,0.07419431,1.0],"velocity":[6.0675006,7.468831]},{"matrix":[0.9958332,-0.018723637,0.08925048,0.0,0.023781892,0.99815017,-0.055952616,0.0,-0.08803775,0.057842016,0.9944363,0.0,2.6676261,96.85848,2.4297361,1.0],"velocity":[11.593264,20.477707]},{"matrix":[0.9935947,-0.02800793,0.109476425,0.0,0.03309421,0.9984422,-0.044922292,0.0,-0.1080477,0.04825759,0.99297374,0.0,4.676658,96.146385,5.6886406,1.0],"velocity":[10.406792,14.64806]},{"matrix":[0.99334365,-0.056809146,0.10020547,0.0,0.06280226,0.99635655,-0.057702042,0.0,-0.09656238,0.06361109,0.99329215,0.0,5.27227,95.30159,9.366718,1.0],"velocity":[-2.2122133,33.970936]},{"matrix":[0.99279773,-0.08460536,0.08482093,0.0,0.084709935,0.99640286,0.0023719762,0.0,-0.08471651,0.0048302836,0.9963934,0.0,4.4301906,95.16445,16.439344,1.0],"velocity":[-8.595171,53.730427]},{"matrix":[0.9991676,-0.040401712,-0.0056383084,0.0,0.04062008,0.9980988,0.046355847,0.0,0.0037547327,-0.04654629,0.99890906,0.0,1.7873359,92.73312,26.780266,1.0],"velocity":[-20.618946,83.558975]},{"matrix":[0.99539655,-0.09567444,-0.005665049,0.0,0.0958083,0.9948743,0.03233955,0.0,0.0025419435,-0.032733433,0.9994609,0.0,-1.9649768,93.600876,41.33854,1.0],"velocity":[-19.208197,77.63151]},{"matrix":[0.9957694,-0.09094396,-0.01313537,0.0,0.08991371,0.993842,-0.06475763,0.0,0.018943798,0.06330262,0.9978146,0.0,-4.1540556,94.71968,54.12349,1.0],"velocity":[-6.8280954,73.76737]},{"matrix":[0.9993076,-0.03325467,0.016686952,0.0,0.034626883,0.99533045,-0.09010129,0.0,-0.013612742,0.09061672,0.9957928,0.0,-4.5222564,96.10437,65.99212,1.0],"velocity":[1.2574518,72.77702]},{"matrix":[0.99625355,-0.06993982,0.050865065,0.0,0.072788104,0.9957467,-0.056484178,0.0,-0.046698224,0.05997494,0.99710697,0.0,-3.9601371,92.830154,79.58083,1.0],"velocity":[11.120116,97.44175]},{"matrix":[0.99380416,0.0016401745,0.11113337,0.0,0.0067353556,0.9971647,-0.07494733,0.0,-0.1109412,0.07523149,0.99097544,0.0,-1.5583627,92.5977,98.22927,1.0],"velocity":[15.400972,98.23]},{"matrix":[0.9950508,0.020742841,0.09717841,0.0,-0.0077065257,0.9911332,-0.13264814,0.0,-0.09906825,0.13124272,0.9863878,0.0,0.91806865,94.270096,112.07188,1.0],"velocity":[9.554571,79.07389]},{"matrix":[0.9994434,-0.031964373,-0.0095500015,0.0,0.030196175,0.9884755,-0.14833862,0.0,0.014181493,0.14796767,0.9888905,0.0,1.9852645,95.91312,124.54336,1.0],"velocity":[2.9200234,73.05991]},{"matrix":[0.99881077,0.008647542,-0.04798254,0.0,-0.013450187,0.99482685,-0.10069047,0.0,0.046863597,0.10121609,0.9937601,0.0,2.2257438,94.36338,137.48434,1.0],"velocity":[-6.3125925,89.71897]},{"matrix":[0.9920264,-0.030329978,-0.12232628,0.0,0.014250236,0.9913799,-0.13024122,0.0,0.12522203,0.12745956,0.9839073,0.0,0.17226577,92.12363,155.87129,1.0],"velocity":[-14.440632,114.95864]},{"matrix":[0.9830668,-0.08189623,-0.16392876,0.0,0.04665783,0.9769579,-0.2082698,0.0,0.17720802,0.19709459,0.964236,0.0,-2.0492969,93.071495,171.64944,1.0],"velocity":[-11.004376,83.336044]},{"matrix":[0.9987077,-0.046053715,0.021492245,0.0,0.04285361,0.99045354,0.1310164,0.0,-0.027320864,-0.12992609,0.9911472,0.0,0.701142,93.905014,2.680985,1.0],"velocity":[-11.163557,142.75371]},{"matrix":[0.99177176,-0.1264622,-0.019902982,0.0,0.12779547,0.96882397,0.21224616,0.0,-0.0075586285,-0.21304326,0.9770135,0.0,-0.8340648,99.05985,26.757408,1.0],"velocity":[-1.8932048,155.17856]},{"matrix":[0.96940863,-0.1937633,-0.1506742,0.0,0.1986024,0.9799219,0.017614033,0.0,0.14423597,-0.04699945,0.98842657,0.0,0.066312075,91.48643,49.66091,1.0],"velocity":[34.68897,129.27858]},{"matrix":[0.90874934,-0.08340198,-0.40892386,0.0,0.12094489,0.9904107,0.066776216,0.0,0.39943326,-0.1101401,0.9101221,0.0,10.14518,99.90871,73.62905,1.0],"velocity":[80.13931,158.1107]},{"matrix":[0.8497022,-0.107789546,-0.5161275,0.0,0.081040114,0.9939479,-0.07416237,0.0,0.5209978,0.021188894,0.85329497,0.0,24.880257,91.55628,98.389435,1.0],"velocity":[85.42856,120.52494]},{"matrix":[0.75597817,-0.08057992,-0.64961827,0.0,0.10878046,0.9940604,0.0032855459,0.0,0.64549506,-0.07314958,0.7602534,0.0,38.631992,94.29558,115.13259,1.0],"velocity":[94.32101,108.93459]},{"matrix":[0.61853635,-0.13556617,-0.7739733,0.0,0.21716481,0.97613156,0.0025762245,0.0,0.7551505,-0.16967323,0.63321304,0.0,55.47478,97.55398,133.62227,1.0],"velocity":[109.95699,112.3824]},{"matrix":[0.4635533,-0.18044098,-0.8675018,0.0,0.1243947,0.9826019,-0.13791104,0.0,0.87729377,-0.043983504,0.47793424,0.0,72.53949,88.109856,149.37495,1.0],"velocity":[115.09643,66.91364]},{"matrix":[0.25440747,-0.05649825,-0.9654454,0.0,0.11744139,0.99270874,-0.027146354,0.0,0.95993984,-0.10647701,0.25918776,0.0,97.236404,97.02952,158.55508,1.0],"velocity":[173.56953,42.928223]},{"matrix":[0.14493906,-0.096465215,-0.9847269,0.0,0.006675344,0.99530876,-0.09651931,0.0,0.989418,0.007416021,0.14490306,0.0,126.00877,89.201515,164.12428,1.0],"velocity":[145.90926,18.449339]},{"matrix":[-0.075604916,-0.09410817,-0.992687,0.0,0.08928197,0.99089885,-0.10073853,0.0,0.9931327,-0.096245386,-0.06651473,0.0,148.41043,91.59602,166.20668,1.0],"velocity":[153.41185,10.399268]},{"matrix":[-0.2029742,-0.13754398,-0.96947575,0.0,0.18443593,0.9669931,-0.17580616,0.0,0.9616574,-0.21449026,-0.17090666,0.0,174.89442,95.18774,166.31372,1.0],"velocity":[163.44125,-5.943485]},{"matrix":[-0.31618547,-0.20984931,-0.92519724,0.0,-0.015936032,0.9762663,-0.21598645,0.0,0.94856346,-0.053547814,-0.31202543,0.0,198.74571,86.1062,164.26358,1.0],"velocity":[129.62968,-51.110126]},{"matrix":[-0.5893501,-0.082046315,-0.8037007,0.0,0.07487066,0.9850013,-0.15545683,0.0,0.8044009,-0.1517921,-0.57436776,0.0,223.78255,94.64009,150.0774,1.0],"velocity":[142.18497,-92.0288]},{"matrix":[-0.71998787,-0.1236149,-0.6828886,0.0,-0.08404479,0.99229693,-0.09101258,0.0,0.6888788,-0.008134726,-0.72483087,0.0,247.29953,87.41561,132.24666,1.0],"velocity":[118.259056,-97.07875]},{"matrix":[-0.8749484,-0.09167746,-0.47545856,0.0,-0.032042578,0.990723,-0.1320649,0.0,0.48315513,-0.10031503,-0.8697691,0.0,264.77274,89.61588,117.146034,1.0],"velocity":[110.84801,-116.18405]},{"matrix":[-0.9377034,-0.15692234,-0.30998027,0.0,-0.07129995,0.9601162,-0.27035746,0.0,0.34004223,-0.23141351,-0.9114927,0.0,282.62222,93.296455,95.54819,1.0],"velocity":[102.084755,-144.3355]},{"matrix":[-0.9553813,-0.2492508,-0.15849541,0.0,-0.23917824,0.9676709,-0.08004232,0.0,0.173322,-0.038562275,-0.98411,0.0,296.48154,85.475624,74.88675,1.0],"velocity":[37.52855,-117.93268]},{"matrix":[-0.9901984,-0.08699856,0.1092639,0.0,-0.09905753,0.9889524,-0.11027581,0.0,-0.098462954,-0.120018326,-0.9878769,0.0,299.3766,94.29327,49.823822,1.0],"velocity":[4.0923257,-170.01279]},{"matrix":[-0.94778764,-0.14162838,0.2857268,0.0,-0.1417529,0.9896927,0.020358317,0.0,-0.28566504,-0.021207236,-0.9580947,0.0,298.13696,87.10981,21.660486,1.0],"velocity":[-16.88748,-152.7156]},{"matrix":[-0.8738049,-0.10685173,0.47439212,0.0,-0.1447176,0.9884981,-0.0439135,0.0,-0.46424347,-0.107024714,-0.87921786,0.0,293.7822,88.299706,0.03046608,1.0],"velocity":[-37.36559,-140.62578]},{"matrix":[-0.7730093,-0.16839711,0.6116367,0.0,-0.28908744,0.9517094,-0.10333274,0.0,-0.5646995,-0.2566936,-0.7843617,0.0,285.64822,94.93264,-25.045935,1.0],"velocity":[-57.429886,-153.19603]},{"matrix":[-0.6933942,-0.27857327,0.66453105,0.0,-0.2536829,0.95757675,0.13671759,0.0,-0.6744254,-0.073781,-0.7346475,0.0,277.13428,85.8967,-48.0789,1.0],"velocity":[-68.80234,-99.33525]},{"matrix":[-0.5488683,-0.12448091,0.8265883,0.0,-0.15850618,0.9864082,0.04329844,0.0,-0.8207432,-0.10725422,-0.5611391,0.0,259.9623,95.27177,-64.45795,1.0],"velocity":[-131.08443,-97.45411]},{"matrix":[-0.4280659,-0.14652492,0.89179033,0.0,-0.13121153,0.9863902,0.09908558,0.0,-0.8941718,-0.07459804,-0.44146574,0.0,236.80241,91.29592,-79.99769,1.0],"velocity":[-135.29301,-81.63]},{"matrix":[-0.29586768,-0.09696467,0.95029473,0.0,-0.13150282,0.989497,0.06002223,0.0,-0.94613385,-0.107207805,-0.30551136,0.0,216.64676,88.26676,-90.07741,1.0],"velocity":[-138.71794,-50.211094]},{"matrix":[-0.10443473,-0.1549419,0.9823881,0.0,-0.269054,0.9553572,0.12207626,0.0,-0.9574463,-0.2515664,-0.1414603,0.0,192.08598,97.272385,-99.148056,1.0],"velocity":[-169.05882,-48.35078]},{"matrix":[-0.08398867,-0.22781202,0.9700761,0.0,-0.09271116,0.9710795,0.22002079,0.0,-0.99214447,-0.07145761,-0.102680445,0.0,166.6936,88.48092,-106.955154,1.0],"velocity":[-130.15976,-22.69776]},{"matrix":[0.14380509,-0.11300083,0.98313326,0.0,-0.09894722,0.98683894,0.12789999,0.0,-0.984647,-0.11567097,0.13073134,0.0,141.94476,96.89583,-106.79141,1.0],"velocity":[-172.89755,22.078875]},{"matrix":[0.3532465,-0.11079875,0.9289459,0.0,-0.05817406,0.9884388,0.14001629,0.0,-0.93371975,-0.10350081,0.34271693,0.0,113.3576,95.26884,-101.48877,1.0],"velocity":[-168.47015,50.287083]},{"matrix":[0.49221796,-0.030097794,0.86995155,0.0,-0.01403255,0.9989978,0.04250203,0.0,-0.8703589,-0.033127904,0.4913023,0.0,89.946434,88.786385,-94.57559,1.0],"velocity":[-128.56265,53.61679]},{"matrix":[0.6623727,-0.13808545,0.73633885,0.0,-0.0700817,0.96713644,0.2444088,0.0,-0.7458894,-0.2134936,0.6309275,0.0,66.61921,98.56838,-84.45921,1.0],"velocity":[-145.00977,76.60385]},{"matrix":[0.7348956,-0.2228511,0.64052,0.0,0.12251085,0.97255427,0.19781129,0.0,-0.66702294,-0.0669,0.7420275,0.0,42.721073,90.49418,-72.107155,1.0],"velocity":[-116.52645,63.708447]},{"matrix":[0.8583297,-0.15421481,0.48937503,0.0,0.08596079,0.98350364,0.15915836,0.0,-0.5058467,-0.09454329,0.85742676,0.0,26.32059,95.36592,-55.731598,1.0],"velocity":[-83.264404,141.08842]},{"matrix":[0.9595117,-0.107099384,0.26051304,0.0,0.06587997,0.98456955,0.1621193,0.0,-0.27385607,-0.13839278,0.95176166,0.0,13.141827,97.73341,-31.604393,1.0],"velocity":[-70.18298,162.01295]},{"matrix":[0.9899417,-0.03905384,0.1359787,0.0,0.03609692,0.9990566,0.024144607,0.0,-0.13679335,-0.018993342,0.9904175,0.0,3.2703867,88.739105,-7.7258053,1.0],"velocity":[-36.6684,121.35502]},{"matrix":[0.9717772,-0.054610744,0.22949229,0.0,-0.02163656,0.9481009,0.31723255,0.0,-0.23490615,-0.31324476,0.9201613,0.0,-0.362531,89.42203,1.947935,1.0],"velocity":[10.787965,490.2004]},{"matrix":[0.9959732,0.06662368,-0.059988376,0.0,-0.046631046,0.95647466,0.28806564,0.0,0.076569356,-0.28410837,0.95572984,0.0,-1.6340461,91.644485,88.92934,1.0],"velocity":[16.618942,513.6381]},{"matrix":[0.9641663,-0.26411703,-0.025010645,0.0,0.25818935,0.9124724,0.3173836,0.0,-0.061004892,-0.31246805,0.94796735,0.0,0.28788996,90.23936,173.34839,1.0],"velocity":[15.424311,582.09625]},{"matrix":[0.97250104,-0.09200007,0.21395741,0.0,0.017568458,0.94503284,0.32650307,0.0,-0.23223509,-0.31376567,0.9206617,0.0,-0.18793344,89.22498,266.98352,1.0],"velocity":[-10.532729,545.3102]},{"matrix":[0.9961354,0.0734087,-0.04822292,0.0,-0.055748887,0.9527168,0.29870164,0.0,0.06787009,-0.29485893,0.95312744,0.0,-1.7700675,91.60675,354.17047,1.0],"velocity":[8.190016,532.94666]},{"matrix":[0.96458817,-0.25867882,-0.051526126,0.0,0.26233736,0.9206323,0.28916305,0.0,-0.027363744,-0.29244047,0.95589215,0.0,0.10195327,89.78299,438.53534,1.0],"velocity":[11.201116,536.01227]},{"matrix":[0.980118,-0.099614054,0.17159776,0.0,0.040375203,0.94687486,0.3190577,0.0,-0.19426425,-0.3057859,0.93207103,0.0,0.14283432,89.22977,532.17554,1.0],"velocity":[-20.0051,535.82184]},{"matrix":[0.9998221,-0.018709887,0.002386578,0.0,0.01876662,0.9994724,-0.026509155,0.0,-0.0018893355,0.026549228,0.9996457,0.0,0.191895,95.95428,0.742339,1.0],"velocity":[5.310855,-1.2394563]},{"matrix":[0.99969226,-0.024769554,0.0013450859,0.0,0.02479886,0.9992376,-0.030152787,0.0,-0.0005971894,0.030176863,0.9995444,0.0,0.95408547,95.84782,0.84897596,1.0],"velocity":[3.6137862,1.431091]},{"matrix":[0.999517,-0.0